caseid,activity,activity_no,y_acc_sum,z_t,n_t,q_t,h_t,b_t,s_t,v_t,u_t,starttime,endtime,arrival_datetime,start_datetime,end_datetime,start_day,start_hour
0,d,1,0,0.9783846227674345,0.9783846227674345,1.2975367252278516,0.082,0.23715210246041699,0.20246327477214843,0.04776224476790226,0.5693776220004676,1.5,1.5477622447679023,2023-01-02 17:28:52,2023-01-03 06:00:00,2023-01-03 07:08:46,Tuesday,6
0,e,2,0,0.9783846227674345,1.547762244767902,1.6615394259001053,0.041,0.07277718113220336,0.0,0.5120136559970893,0.6257908371292926,1.6615394259001053,2.1735530818971944,2023-01-02 17:28:52,2023-01-03 09:52:37,2023-01-03 22:09:54,Tuesday,9
1,c,1,0,2.7738110206311037,2.7738110206311037,2.842780421525723,0.041,0.027969400894619297,0.0,1.217069276196405,1.2860386770910244,2.842780421525723,4.059849697722128,2023-01-04 12:34:17,2023-01-04 14:13:36,2023-01-05 19:26:11,Wednesday,14
1,b,2,0,2.7738110206311037,4.059849697722128,4.072836803539368,0.0,0.012987105817240389,0.42716319646063194,0.04073837313992039,0.48088867541779273,4.5,4.54073837313992,2023-01-04 12:34:17,2023-01-06 06:00:00,2023-01-06 06:58:39,Friday,6
1,e,3,0,2.7738110206311037,4.540738373139921,4.6275285854565915,0.082,0.0047902123166709,0.0,0.9489509804495428,1.0357411927662137,4.6275285854565915,5.576479565906134,2023-01-04 12:34:17,2023-01-06 09:03:38,2023-01-07 07:50:07,Friday,9
1,f,4,0,2.7738110206311037,5.576479565906134,5.683993791382744,0.082,0.02551422547661002,1.8160062086172557,1.391432387586865,3.3149528216807305,7.5,8.891432387586866,2023-01-04 12:34:17,2023-01-09 06:00:00,2023-01-10 15:23:39,Monday,6
1,b,5,0,2.7738110206311037,8.891432387586864,2.112569000411778,0.082,0.13913661282491452,0.38743099958822214,10.248945891301158,10.857513503714294,9.500000000000002,19.74894589130116,2023-01-04 12:34:17,2023-01-11 06:00:00,2023-01-21 11:58:28,Wednesday,6
1,c,6,0,2.7738110206311037,19.748945891301158,5.898897399268748,0.082,0.06795150796759107,1.6011026007312523,2.206668458395011,3.957722567093854,21.500000000000004,23.706668458395015,2023-01-04 12:34:17,2023-01-23 06:00:00,2023-01-25 10:57:36,Monday,6
1,d,7,0,2.7738110206311037,23.70666845839501,2.7923667395916425,0.041,0.0446982811966319,0.0,6.148604792932776,6.234303074129408,23.792366739591642,29.94097153252442,2023-01-04 12:34:17,2023-01-25 13:01:00,2023-01-31 16:34:59,Wednesday,13
1,c,8,0,2.7738110206311037,29.94097153252442,2.494279745011447,0.041,0.512308212487028,0.005720254988553108,2.735307414690465,3.294335882166046,30.5,33.23530741469047,2023-01-04 12:34:17,2023-02-01 06:00:00,2023-02-03 23:38:50,Wednesday,6
1,c,9,0,2.7738110206311037,33.23530741469047,5.338461386687584,0.041,0.06215397199711342,2.161538613312416,1.9383676522496434,4.203060237559173,35.49999999999999,37.43836765224964,2023-01-04 12:34:17,2023-02-06 05:59:59,2023-02-08 04:31:14,Monday,5
1,c,10,0,2.7738110206311037,37.43836765224964,2.613069153839035,0.041,0.13370150158939884,0.0,7.80582004512058,7.980521546709979,37.613069153839035,45.41888919895962,2023-01-04 12:34:17,2023-02-08 08:42:49,2023-02-16 04:03:12,Wednesday,8
1,e,11,0,2.7738110206311037,45.41888919895962,3.541471950476712,0.0,0.12258275151709136,0.0,0.7849381591215937,0.907520910638685,45.54147195047671,46.32641010959831,2023-01-04 12:34:17,2023-02-16 06:59:43,2023-02-17 01:50:01,Thursday,6
1,c,12,0,2.7738110206311037,46.32641010959831,4.470305695197403,0.041,0.10289558559909524,0.029694304802596605,0.018595080546730553,0.1921849709484224,46.49999999999999,46.518595080546724,2023-01-04 12:34:17,2023-02-17 05:59:59,2023-02-17 06:26:46,Friday,5
1,d,13,0,2.7738110206311037,46.51859508054673,4.614208258801774,0.082,0.013613178255046232,0.0,6.855234116917429,6.950847295172475,46.61420825880178,53.46944237571921,2023-01-04 12:34:17,2023-02-17 08:44:27,2023-02-24 05:15:59,Friday,8
1,d,14,0,2.7738110206311037,53.469442375719204,4.575491984957075,0.082,0.024049609237874525,0.0,0.31899516543353307,0.4250447746714076,53.57549198495708,53.89448715039062,2023-01-04 12:34:17,2023-02-24 07:48:42,2023-02-24 15:28:03,Friday,7
1,f,15,0,2.7738110206311037,53.89448715039061,4.948795552207848,0.041,0.013308401817238996,0.0,0.032595873723487725,0.08690427554072672,53.94879555220785,53.981391425931335,2023-01-04 12:34:17,2023-02-24 16:46:15,2023-02-24 17:33:12,Friday,16
2,d,1,0,5.913562847602284,5.913562847602284,6.101132412555077,0.082,0.10556956495279297,1.398867587444923,0.5566091926164487,2.143046345014165,7.5,8.056609192616449,2023-01-07 15:55:31,2023-01-09 06:00:00,2023-01-09 19:21:31,Monday,6
2,b,2,0,5.913562847602284,8.056609192616449,1.2453370149108949,0.041,0.14772782229444628,0.2546629850891051,0.06341286761583481,0.5068036749993863,8.5,8.563412867615835,2023-01-07 15:55:31,2023-01-10 06:00:00,2023-01-10 07:31:18,Tuesday,6
2,d,3,0,5.913562847602284,8.563412867615835,1.6465011421669402,0.082,0.0010882745511054744,0.0,5.807730479368589,5.890818753919694,8.64650114216694,14.454231621535529,2023-01-07 15:55:31,2023-01-10 09:30:57,2023-01-16 04:54:05,Tuesday,9
2,c,4,0,5.913562847602284,14.454231621535529,0.5628054737164305,0.082,0.02657385218090183,0.0,10.678380883338864,10.786954735519766,14.562805473716432,25.241186357055298,2023-01-07 15:55:31,2023-01-16 07:30:26,2023-01-26 23:47:18,Monday,7
2,b,5,0,5.913562847602284,25.241186357055295,4.439839347042373,0.041,0.15765298998707863,0.06016065295762729,1.3617093015882145,1.6205229445329203,25.5,26.861709301588213,2023-01-07 15:55:31,2023-01-27 06:00:00,2023-01-28 14:40:51,Friday,6
2,f,6,0,5.913562847602284,26.861709301588213,5.862288283438595,0.0,0.0005789818503821796,1.6377117165614052,9.724720852302486,11.363011550714273,28.5,38.22472085230248,2023-01-07 15:55:31,2023-01-30 06:00:00,2023-02-08 23:23:35,Monday,6
2,e,7,0,5.913562847602284,38.22472085230248,3.372548420438683,0.041,0.1068275681361989,0.12745157956131692,0.7136086577327735,0.9888878054302893,38.49999999999999,39.21360865773276,2023-01-07 15:55:31,2023-02-09 05:59:59,2023-02-09 23:07:35,Thursday,5
2,e,8,0,5.913562847602284,39.21360865773277,4.297135105539397,0.041,0.04252644780662816,0.2028648944606033,7.397074186680887,7.683465528948118,39.5,46.89707418668089,2023-01-07 15:55:31,2023-02-10 06:00:00,2023-02-17 15:31:47,Friday,6
2,f,9,0,5.913562847602284,46.89707418668089,5.108296521419099,0.082,0.12922233473820668,2.391703478580901,0.031159075452437922,2.6340848887715453,49.5,49.531159075452436,2023-01-07 15:55:31,2023-02-20 06:00:00,2023-02-20 06:44:52,Monday,6
3,e,1,0,6.288651011299776,6.288651011299776,6.441872719287692,0.082,0.07122170798791554,1.0581272807123083,0.34821991376677036,1.559568902466994,7.5,7.84821991376677,2023-01-08 00:55:39,2023-01-09 06:00:00,2023-01-09 14:21:26,Monday,6
3,c,2,0,6.288651011299776,7.84821991376677,1.0164804759714805,0.082,0.08626056220471075,0.4835195240285195,2.962355117879154,3.6141352041123844,8.5,11.462355117879154,2023-01-08 00:55:39,2023-01-10 06:00:00,2023-01-13 05:05:47,Tuesday,6
3,b,3,0,6.288651011299776,11.462355117879154,4.77692193101076,0.082,0.2325668131316061,0.0,1.8297982071655792,2.1443650202971853,11.776921931010762,13.60672013817634,2023-01-08 00:55:39,2023-01-13 12:38:46,2023-01-15 08:33:40,Friday,12
4,f,1,0,6.828131262969861,6.828131262969861,6.981622257873065,0.041,0.11249099490320419,0.5183777421269351,2.3572440517853632,3.0291127888155023,7.500000000000001,9.857244051785365,2023-01-08 13:52:30,2023-01-09 06:00:00,2023-01-11 14:34:25,Monday,6
4,d,2,0,6.828131262969861,9.857244051785363,3.0573303887055143,0.082,0.11808633692015141,0.4426696112944857,0.37471394019555265,1.0174698884101898,10.500000000000002,10.874713940195555,2023-01-08 13:52:30,2023-01-12 06:00:00,2023-01-12 14:59:35,Thursday,6
4,f,3,0,6.828131262969861,10.874713940195553,3.971656991059332,0.041,0.05594305086377909,0.0,0.9194427241100372,1.0163857749738163,10.971656991059334,11.891099715169371,2023-01-08 13:52:30,2023-01-12 17:19:11,2023-01-13 15:23:11,Thursday,17
4,f,4,0,6.828131262969861,11.89109971516937,5.12297445861593,0.123,0.10887474344656117,2.3770255413840697,0.3692885962265114,2.978188881057142,14.5,14.869288596226511,2023-01-08 13:52:30,2023-01-16 06:00:00,2023-01-16 14:51:46,Monday,6
4,c,5,0,6.828131262969861,14.869288596226511,0.9615134767563109,0.041,0.05122488052979956,0.0,0.8140105265458786,0.9062354070756782,14.961513476756311,15.77552400330219,2023-01-08 13:52:30,2023-01-16 17:04:34,2023-01-17 12:36:45,Monday,17
4,e,6,0,6.828131262969861,15.77552400330219,1.8375914811843153,0.041,0.021067477882126,0.0,0.9056089026040733,0.9676763804861993,15.837591481184315,16.743200383788388,2023-01-08 13:52:30,2023-01-17 14:06:07,2023-01-18 11:50:12,Tuesday,14
4,f,7,0,6.828131262969861,16.743200383788388,3.0225724746394853,0.123,0.15637209085109774,0.4774275253605147,1.5171015304908273,2.27390114670244,17.5,19.017101530490827,2023-01-08 13:52:30,2023-01-19 06:00:00,2023-01-20 18:24:37,Thursday,6
4,f,8,0,6.828131262969861,19.017101530490827,5.2981591166138315,0.123,0.1580575861230065,2.2018408833861685,0.20649202371674846,2.6893904932259236,21.500000000000004,21.706492023716752,2023-01-08 13:52:30,2023-01-23 06:00:00,2023-01-23 10:57:20,Monday,6
4,c,9,0,6.828131262969861,21.70649202371675,0.934767359455055,0.082,0.14627533573830612,0.0,0.7947177391094464,1.0229930748477525,21.934767359455055,22.729485098564503,2023-01-08 13:52:30,2023-01-23 16:26:03,2023-01-24 11:30:27,Monday,16
4,e,10,0,6.828131262969861,22.729485098564503,1.930769443884099,0.082,0.1192843453195967,0.0,0.2896592215770438,0.49094356689664054,22.9307694438841,23.220428665461142,2023-01-08 13:52:30,2023-01-24 16:20:18,2023-01-24 23:17:25,Tuesday,16
4,e,11,0,6.828131262969861,23.220428665461142,2.2261613727869083,0.0,0.005732707325766787,0.2738386272130917,1.459938389347041,1.7395097238858996,23.5,24.95993838934704,2023-01-08 13:52:30,2023-01-25 06:00:00,2023-01-26 17:02:18,Wednesday,6
4,e,12,0,6.828131262969861,24.95993838934704,4.172557179466882,0.082,0.13061879011984143,0.32744282053311835,3.9792778475496178,4.519339458202578,25.5,29.479277847549618,2023-01-08 13:52:30,2023-01-27 06:00:00,2023-01-31 05:30:09,Friday,6
4,b,13,0,6.828131262969861,29.479277847549618,1.6009196537046968,0.082,0.03964180615508003,0.0,1.3252327365621572,1.4468745427172371,29.600919653704697,30.926152390266854,2023-01-08 13:52:30,2023-01-31 08:25:19,2023-02-01 16:13:39,Tuesday,8
4,e,14,0,6.828131262969861,30.926152390266854,3.0113098985918754,0.082,0.003157508325020331,0.48869010140812463,1.6471021991252226,2.2209498088583675,31.5,33.14710219912522,2023-01-08 13:52:30,2023-02-02 06:00:00,2023-02-03 21:31:49,Thursday,6
5,f,1,0,13.36081230187742,13.36081230187742,6.40415394065627,0.041,0.002341638778849352,1.0958460593437298,8.324580188532721,9.463767886655301,14.5,22.82458018853272,2023-01-15 02:39:34,2023-01-16 06:00:00,2023-01-24 13:47:23,Monday,6
5,e,2,0,13.36081230187742,22.82458018853272,2.303718496353614,0.123,0.35613830782089373,0.19628150364638586,1.0918764184691159,1.7672962299363955,23.500000000000004,24.59187641846912,2023-01-15 02:39:34,2023-01-25 06:00:00,2023-01-26 08:12:18,Wednesday,6
5,f,3,0,13.36081230187742,24.591876418469116,3.7557042783872774,0.041,0.12282785991816117,0.0,0.8492759849129837,1.013103844831145,24.755704278387277,25.604980263300263,2023-01-15 02:39:34,2023-01-26 12:08:12,2023-01-27 08:31:10,Thursday,12
5,f,4,0,13.36081230187742,25.604980263300263,4.994618750844097,0.041,0.34863848754383464,0.0,0.011509275262351437,0.4011477628061861,25.994618750844097,26.00612802610645,2023-01-15 02:39:34,2023-01-27 17:52:15,2023-01-27 18:08:49,Friday,17
5,c,5,0,13.36081230187742,26.00612802610645,5.144531986232348,0.082,0.05640396012589868,2.355468013767652,0.44409164842023535,2.937963622313786,28.5,28.944091648420237,2023-01-15 02:39:34,2023-01-30 06:00:00,2023-01-30 16:39:29,Monday,6
5,e,6,0,13.36081230187742,28.944091648420233,0.9999538854923209,0.0,0.05586223707208916,0.0,2.5259233681604782,2.5817856052325676,28.99995388549232,31.525877253652798,2023-01-15 02:39:34,2023-01-30 17:59:56,2023-02-02 06:37:15,Monday,17
5,b,7,0,13.36081230187742,31.5258772536528,3.7443373581250476,0.082,0.13646010447224502,0.0,1.0537975394222547,1.2722576438944997,31.744337358125048,32.7981348975473,2023-01-15 02:39:34,2023-02-02 11:51:50,2023-02-03 13:09:18,Thursday,11
5,e,8,0,13.36081230187742,32.7981348975473,4.883250849490793,0.082,0.0031159519434948327,0.0,0.5314985563495077,0.6166145082930026,32.88325084949079,33.4147494058403,2023-01-15 02:39:34,2023-02-03 15:11:52,2023-02-04 03:57:14,Friday,15
5,d,9,0,13.36081230187742,33.414749405840304,5.508567999659583,0.082,0.01181859381927722,1.9914320003404171,1.0210294246766283,3.1062800188363227,35.5,36.52102942467663,2023-01-15 02:39:34,2023-02-06 06:00:00,2023-02-07 06:30:16,Monday,6
5,f,10,0,13.36081230187742,36.52102942467663,1.664814369215044,0.082,0.061784944538419186,0.0,0.4693490960922091,0.6131340406306283,36.664814369215044,37.13416346530725,2023-01-15 02:39:34,2023-02-07 09:57:19,2023-02-07 21:13:11,Tuesday,9
5,f,11,0,13.36081230187742,37.13416346530725,2.351991533067853,0.082,0.13582806776059678,0.1480084669321471,1.8466971693545433,2.212533704047287,37.5,39.34669716935454,2023-01-15 02:39:34,2023-02-08 06:00:00,2023-02-10 02:19:14,Wednesday,6
5,d,12,0,13.36081230187742,39.34669716935454,4.364559644554809,0.0,0.017862475200269557,0.13544035544519062,2.179236568807091,2.332539399452551,39.5,41.67923656880709,2023-01-15 02:39:34,2023-02-10 06:00:00,2023-02-12 10:18:06,Friday,6
5,f,13,0,13.36081230187742,41.67923656880709,6.903638813837048,0.082,0.14240224502995513,0.5963611861629516,5.027733912405368,5.848497343598274,42.5,47.52773391240537,2023-01-15 02:39:34,2023-02-13 06:00:00,2023-02-18 06:39:56,Monday,6
5,b,14,0,13.36081230187742,47.52773391240537,6.1997168346251215,0.082,0.5899829222197542,1.3002831653748785,5.853094042076413,7.825360129671045,49.5,55.353094042076414,2023-01-15 02:39:34,2023-02-20 06:00:00,2023-02-26 02:28:27,Monday,6
5,f,15,0,13.36081230187742,55.353094042076414,6.537970163275418,0.123,0.061876121199001155,0.9620298367245823,0.17817350031001428,1.3250794582335976,56.49999999999999,56.67817350031001,2023-01-15 02:39:34,2023-02-27 05:59:59,2023-02-27 10:16:34,Monday,5
6,c,1,0,13.896140742679584,13.896140742679584,0.006412723960222522,0.082,0.028271981280638354,0.4935872760397775,1.6460938916736338,2.2499531489940496,14.500000000000002,16.146093891673637,2023-01-15 15:30:26,2023-01-16 06:00:00,2023-01-17 21:30:22,Monday,6
6,e,2,0,13.896140742679584,16.146093891673633,2.2448370516696166,0.082,0.016743159995981735,0.25516294833038344,0.3814005888658019,0.7353066971921671,16.5,16.8814005888658,2023-01-15 15:30:26,2023-01-18 06:00:00,2023-01-18 15:09:13,Wednesday,6
6,e,3,0,13.896140742679584,16.8814005888658,3.0649295053792898,0.082,0.10152891651348789,0.43507049462071024,1.0031963653577913,1.6217957764919895,17.5,18.50319636535779,2023-01-15 15:30:26,2023-01-19 06:00:00,2023-01-20 06:04:36,Thursday,6
7,e,1,0,15.69096719344662,15.69096719344662,1.744863423234646,0.041,0.01289622978802693,0.0,0.7336193408522983,0.7875155706403252,15.744863423234646,16.478482764086944,2023-01-17 10:34:59,2023-01-17 11:52:36,2023-01-18 05:29:00,Tuesday,11
7,e,2,0,15.69096719344662,16.478482764086944,2.6246624594194863,0.123,0.02317969533254177,0.0,0.7346846535458604,0.8808643488784023,16.624662459419486,17.359347112965345,2023-01-17 10:34:59,2023-01-18 08:59:30,2023-01-19 02:37:27,Wednesday,8
7,b,3,0,15.69096719344662,17.359347112965345,3.4626849771843133,0.041,0.06233786421896942,0.03731502281568666,0.2250415892162079,0.365694476250864,17.5,17.725041589216207,2023-01-17 10:34:59,2023-01-19 06:00:00,2023-01-19 11:24:03,Thursday,6
7,c,4,0,15.69096719344662,17.725041589216207,4.130546897221318,0.123,0.2825053080051102,0.3694531027786816,10.410792268679437,11.18575067946323,18.5,28.910792268679437,2023-01-17 10:34:59,2023-01-20 06:00:00,2023-01-30 15:51:32,Friday,6
8,f,1,0,16.517580157529537,16.517580157529537,2.6990277719459783,0.123,0.058447614416440655,0.0,1.1295960481165745,1.3110436625330153,16.69902777194598,17.828623820062553,2023-01-18 06:25:18,2023-01-18 10:46:35,2023-01-19 13:53:13,Wednesday,10
8,e,2,0,16.517580157529537,17.828623820062553,3.8405155076318245,0.0,0.01189168756927245,0.0,0.5104120396147318,0.5223037271840043,17.840515507631824,18.350927547246556,2023-01-18 06:25:18,2023-01-19 14:10:20,2023-01-20 02:25:20,Thursday,14
8,b,3,0,16.517580157529537,18.350927547246556,4.594356351670417,0.082,0.1614288044238593,0.0,8.300318088957154,8.543746893381012,18.594356351670417,26.89467444062757,2023-01-18 06:25:18,2023-01-20 08:15:52,2023-01-28 15:28:19,Friday,8
8,b,4,0,16.517580157529537,26.89467444062757,6.04211707499887,0.041,0.10644263437130193,1.4578829250011296,2.5251524997736468,4.130478059146078,28.5,31.025152499773647,2023-01-18 06:25:18,2023-01-30 06:00:00,2023-02-01 18:36:13,Monday,6
8,f,5,0,16.517580157529537,31.025152499773647,3.06467666487481,0.0,0.03952416510116453,0.43532333512519017,0.8040334233083842,1.278880923534739,31.5,32.30403342330838,2023-01-18 06:25:18,2023-02-02 06:00:00,2023-02-03 01:17:48,Thursday,6
8,d,6,0,16.517580157529537,32.30403342330838,4.3604983929646295,0.041,0.015464969656244465,0.1395016070353705,0.2924525599051137,0.4884191365967287,32.49999999999999,32.79245255990511,2023-01-18 06:25:18,2023-02-03 05:59:59,2023-02-03 13:01:07,Friday,5
8,b,7,0,16.517580157529537,32.79245255990511,4.981784631554419,0.041,0.14833207164931367,0.0,0.05588716883989048,0.24521924048920415,32.98178463155442,33.03767180039431,2023-01-18 06:25:18,2023-02-03 17:33:46,2023-02-03 18:54:14,Friday,17
9,f,1,0,17.00655838009844,17.00655838009844,3.1900299454213936,0.082,0.1014715653229527,0.3099700545786064,13.185297551981394,13.678739171882953,17.5,30.685297551981392,2023-01-18 18:09:26,2023-01-19 06:00:00,2023-02-01 10:26:49,Thursday,6
9,c,2,0,17.00655838009844,30.685297551981392,2.8293684817354823,0.123,0.021070929754090584,0.0,8.69641627582696,8.84048720558105,30.829368481735486,39.52578475756245,2023-01-18 18:09:26,2023-02-01 13:54:17,2023-02-10 06:37:07,Wednesday,13
9,d,3,0,17.00655838009844,39.52578475756244,4.702080500227304,0.041,0.13529574266486527,0.0,0.9127947360124122,1.0890904786772775,39.702080500227304,40.61487523623972,2023-01-18 18:09:26,2023-02-10 10:50:59,2023-02-11 08:45:25,Friday,10
10,d,1,0,18.201038053749997,18.201038053749997,4.339462458995836,0.082,0.056424405245839915,0.16053754100416384,0.8345211733425549,1.1334831195925588,18.5,19.334521173342555,2023-01-19 22:49:29,2023-01-20 06:00:00,2023-01-21 02:01:42,Friday,6
10,b,2,0,18.201038053749997,19.334521173342555,5.443963381444565,0.082,0.027442208102008432,2.056036618555435,0.030381208302763234,2.195860034960207,21.5,21.530381208302764,2023-01-19 22:49:29,2023-01-23 06:00:00,2023-01-23 06:43:44,Monday,6
10,b,3,0,18.201038053749997,21.530381208302764,0.6168495501786317,0.082,0.004468341875868934,0.0,7.456345606731704,7.542813948607573,21.61684955017863,29.073195156910337,2023-01-19 22:49:29,2023-01-23 08:48:15,2023-01-30 19:45:24,Monday,8
10,f,4,0,18.201038053749997,29.073195156910337,1.294316641318197,0.0,0.2211214844078595,0.20568335868180299,0.1281461013837041,0.5549509444733666,29.5,29.628146101383702,2023-01-19 22:49:29,2023-01-31 06:00:00,2023-01-31 09:04:31,Tuesday,6
11,d,1,0,19.53998469400798,19.53998469400798,5.800567335436156,0.123,0.13758264142817497,1.6994326645638438,0.976572661530086,2.9365879675221045,21.5,22.476572661530085,2023-01-21 06:57:34,2023-01-23 06:00:00,2023-01-24 05:26:15,Monday,6
11,e,2,0,19.53998469400798,22.476572661530085,1.6947152714125053,0.041,0.1771426098824188,0.0,0.8100150918156154,1.028157701698034,22.694715271412505,23.50473036322812,2023-01-21 06:57:34,2023-01-24 10:40:23,2023-01-25 06:06:48,Tuesday,10
11,b,3,0,19.53998469400798,23.50473036322812,2.5713386096758697,0.041,0.02560824644774931,0.0,0.4681564641411775,0.5347647105889268,23.57133860967587,24.039495073817047,2023-01-21 06:57:34,2023-01-25 07:42:43,2023-01-25 18:56:52,Wednesday,7
11,f,4,0,19.53998469400798,24.039495073817047,3.271757364662154,0.082,0.1502622908451049,0.22824263533784617,1.1464046326466848,1.6069095588296358,24.5,25.646404632646686,2023-01-21 06:57:34,2023-01-26 06:00:00,2023-01-27 09:30:49,Thursday,6
11,c,5,0,19.53998469400798,25.646404632646682,4.766840912667011,0.082,0.03843628002032826,0.0,1.5701627015758008,1.690598981596129,25.76684091266701,27.33700361424281,2023-01-21 06:57:34,2023-01-27 12:24:15,2023-01-29 02:05:17,Friday,12
12,f,1,0,19.773584989012083,19.773584989012083,6.0221083902738535,0.123,0.12552340126177164,1.4778916097261465,6.923780123873192,8.65019513486111,21.500000000000004,28.423780123873197,2023-01-21 12:33:57,2023-01-23 06:00:00,2023-01-30 04:10:14,Monday,6
12,f,2,0,19.773584989012083,28.423780123873193,0.6598044779905052,0.082,0.1540243541173122,0.0,0.012074253415995743,0.24809860753330795,28.659804477990505,28.6718787314065,2023-01-21 12:33:57,2023-01-30 09:50:07,2023-01-30 10:07:30,Monday,9
12,f,3,0,19.773584989012083,28.6718787314065,0.8075555341542007,0.0,0.13567680274770014,0.0,2.190070281264145,2.325747084011845,28.8075555341542,30.997625815418345,2023-01-21 12:33:57,2023-01-30 13:22:52,2023-02-01 17:56:34,Monday,13
12,e,4,0,19.773584989012083,30.997625815418345,3.214900514412161,0.041,0.17627469899381543,0.28509948558783904,3.1785708350510413,3.680945019632696,31.5,34.67857083505104,2023-01-21 12:33:57,2023-02-02 06:00:00,2023-02-05 10:17:08,Thursday,6
12,c,5,0,19.773584989012083,34.67857083505104,6.779680980424914,0.041,0.06011014537387285,0.7203190195750864,1.32833899082209,2.1497681557710493,35.5,36.82833899082209,2023-01-21 12:33:57,2023-02-06 06:00:00,2023-02-07 13:52:48,Monday,6
12,c,6,0,19.773584989012083,36.82833899082209,2.2352785702032136,0.123,0.2839395793811223,0.26472142979678637,1.437943560570896,2.1096045697488046,37.49999999999999,38.937943560570886,2023-01-21 12:33:57,2023-02-08 05:59:59,2023-02-09 16:30:38,Wednesday,5
12,f,7,0,19.773584989012083,38.93794356057089,4.168468533426818,0.082,0.148524972855924,0.3315314665731819,5.946906442576141,6.508962882005247,39.5,45.44690644257614,2023-01-21 12:33:57,2023-02-10 06:00:00,2023-02-16 04:43:32,Friday,6
12,e,8,0,19.773584989012083,45.44690644257614,3.572891508552935,0.082,0.04398506597679283,0.0,0.33528449152993894,0.46126955750673176,45.572891508552935,45.908176000082875,2023-01-21 12:33:57,2023-02-16 07:44:57,2023-02-16 15:47:46,Thursday,7
12,c,9,0,19.773584989012083,45.908176000082875,4.010942177940862,0.082,0.020766177857989624,0.48905782205913795,0.7879233632829902,1.3797473632001176,46.5,47.28792336328299,2023-01-21 12:33:57,2023-02-17 06:00:00,2023-02-18 00:54:36,Friday,6
13,f,1,0,20.308472428156573,20.308472428156573,6.390846737587367,0.082,0.0003743094307944501,1.109153262412633,3.874621607749722,5.0661491795931495,21.5,25.374621607749724,2023-01-22 01:24:12,2023-01-23 06:00:00,2023-01-27 02:59:27,Monday,6
13,b,2,0,20.308472428156573,25.374621607749724,4.621238251694692,0.082,0.16461664394496967,0.0,0.08242857822016532,0.329045222165135,25.621238251694695,25.703666829914862,2023-01-22 01:24:12,2023-01-27 08:54:34,2023-01-27 10:53:16,Friday,8
13,b,3,0,20.308472428156573,25.70366682991486,5.096431043024655,0.082,0.3107642131097955,2.403568956975345,0.34877999022732425,3.145113160312465,28.5,28.848779990227325,2023-01-22 01:24:12,2023-01-30 06:00:00,2023-01-30 14:22:14,Monday,6
13,e,4,0,20.308472428156573,28.848779990227325,1.1183573886191205,0.123,0.14657739839179595,0.3816426113808795,25.293633729460144,25.94485373923282,29.5,54.79363372946014,2023-01-22 01:24:12,2023-01-31 06:00:00,2023-02-25 13:02:49,Tuesday,6
14,f,1,0,25.97496820713895,25.97496820713895,5.183904536637115,0.123,0.08593632949816496,2.3160954633628847,0.7544483683879746,3.2794801612490243,28.5,29.254448368387976,2023-01-27 17:23:57,2023-01-30 06:00:00,2023-01-31 00:06:24,Monday,6
14,b,2,0,25.97496820713895,29.254448368387976,1.2629356884884473,0.0,0.00848732010047033,0.23706431151155272,0.07208681023119118,0.3176384418432142,29.5,29.57208681023119,2023-01-27 17:23:57,2023-01-31 06:00:00,2023-01-31 07:43:48,Tuesday,6
15,c,1,0,26.115308478079008,26.115308478079008,5.158284944394399,0.041,0.0019764663153924596,2.341715055605601,3.600596783868128,5.985288305789121,28.5,32.10059678386813,2023-01-27 20:46:02,2023-01-30 06:00:00,2023-02-02 20:24:51,Monday,6
15,e,2,0,26.115308478079008,32.10059678386813,4.3031329245093985,0.123,0.07953614064126958,0.19686707549060145,1.0051678404326334,1.4045710565645044,32.49999999999999,33.50516784043263,2023-01-27 20:46:02,2023-02-03 05:59:59,2023-02-04 06:07:26,Friday,5
16,b,1,0,28.3512760070712,28.3512760070712,0.5588830236175539,0.0,0.2076070165463543,0.0,0.4967259524592701,0.7043329690056244,28.558883023617554,29.055608976076822,2023-01-30 02:25:50,2023-01-30 07:24:47,2023-01-30 19:20:04,Monday,7
16,f,2,0,28.3512760070712,29.055608976076822,1.1404888399312973,0.082,0.0028798638544733665,0.35951116006870265,0.12080030935696885,0.5651913332801449,29.5,29.62080030935697,2023-01-30 02:25:50,2023-01-31 06:00:00,2023-01-31 08:53:57,Tuesday,6
16,c,3,0,28.3512760070712,29.620800309356966,1.827777514627357,0.082,0.12497720527039001,0.0,0.7408293189430134,0.9478065242134034,29.827777514627357,30.56860683357037,2023-01-30 02:25:50,2023-01-31 13:51:59,2023-02-01 07:38:47,Tuesday,13
16,f,4,0,28.3512760070712,30.56860683357037,2.8520456889489765,0.082,0.2014388553786049,0.0,0.5053532257898014,0.7887920811684063,30.852045688948976,31.357398914738777,2023-01-30 02:25:50,2023-02-01 14:26:56,2023-02-02 02:34:39,Wednesday,14
17,f,1,0,31.47803747045744,31.47803747045744,3.5853592742227356,0.082,0.025321803765294044,0.0,6.693270957155306,6.8005927609206,31.585359274222736,38.278630231378045,2023-02-02 05:28:22,2023-02-02 08:02:55,2023-02-09 00:41:13,Thursday,8
17,b,2,0,31.47803747045744,38.27863023137804,3.3343711843289796,0.0,0.055740952950939705,0.1656288156710204,0.01568870928660291,0.237058477908563,38.5,38.5156887092866,2023-02-02 05:28:22,2023-02-09 06:00:00,2023-02-09 06:22:35,Thursday,6
17,b,3,0,31.47803747045744,38.5156887092866,3.6339479178633525,0.082,0.036259208576752376,0.0,0.2391821042591442,0.3574413128358966,38.63394791786335,38.873130022122496,2023-02-02 05:28:22,2023-02-09 09:12:53,2023-02-09 14:57:18,Thursday,9
17,d,4,0,31.47803747045744,38.873130022122496,4.022908250579206,0.041,0.10877822845671258,0.4770917494207936,0.14842715339988535,0.7752971312773915,39.5,39.648427153399886,2023-02-02 05:28:22,2023-02-10 06:00:00,2023-02-10 09:33:44,Friday,6
17,d,5,0,31.47803747045744,39.648427153399886,4.687639191165957,0.0,0.039212037766073196,0.0,6.081531498781408,6.120743536547481,39.68763919116596,45.769170689947366,2023-02-02 05:28:22,2023-02-10 10:30:12,2023-02-16 12:27:36,Friday,10
17,d,6,0,31.47803747045744,45.769170689947366,3.849592075707399,0.041,0.03942138576003315,0.0,0.6907475231775924,0.7711689089376255,45.8495920757074,46.54033959888499,2023-02-02 05:28:22,2023-02-16 14:23:24,2023-02-17 06:58:05,Thursday,14
17,b,7,0,31.47803747045744,46.54033959888499,4.637028840588819,0.082,0.014689241703828383,0.0,0.7903949038772257,0.8870841455810541,46.63702884058882,47.42742374446605,2023-02-02 05:28:22,2023-02-17 09:17:19,2023-02-18 04:15:29,Friday,9
17,f,8,0,31.47803747045744,47.42742374446605,5.531499187160122,0.082,0.02207544269407611,1.9685008128398778,0.4366440583052911,2.509220313839245,49.5,49.93664405830529,2023-02-02 05:28:22,2023-02-20 06:00:00,2023-02-20 16:28:46,Monday,6
18,d,1,0,33.20239588005417,33.20239588005417,5.421216188025582,0.082,0.13682030797141476,2.078783811974418,2.3668055201103524,4.664409640056185,35.5,37.866805520110354,2023-02-03 22:51:27,2023-02-06 06:00:00,2023-02-08 14:48:11,Monday,6
18,f,2,0,33.20239588005417,37.866805520110354,3.0438727559618,0.041,0.13606723585144373,0.4561272440381998,0.004228100215488029,0.6374225801051316,38.49999999999999,38.50422810021548,2023-02-03 22:51:27,2023-02-09 05:59:59,2023-02-09 06:06:05,Thursday,5
19,e,1,0,33.681902203923556,33.681902203923556,5.726425015803571,0.041,0.0035228118800168713,1.7735749841964292,1.2728862191643122,3.0909840152407586,35.5,36.77288621916431,2023-02-04 10:21:56,2023-02-06 06:00:00,2023-02-07 12:32:57,Monday,6
19,c,2,0,33.681902203923556,36.77288621916431,2.0608224476910166,0.082,0.205936228526707,0.43917755230898337,0.7331579484104006,1.4602717292460912,37.50000000000001,38.23315794841041,2023-02-04 10:21:56,2023-02-08 06:00:00,2023-02-08 23:35:44,Wednesday,6
19,d,3,0,33.681902203923556,38.2331579484104,3.3053481240999503,0.041,0.031190175689546004,0.19465187590004973,3.1992908298354057,3.4661328814250014,38.49999999999999,41.6992908298354,2023-02-04 10:21:56,2023-02-09 05:59:59,2023-02-12 10:46:58,Thursday,5
20,b,1,0,37.77958063819682,37.77958063819682,2.8771380232665607,0.041,0.056557385069743615,0.0,1.5668329017697904,1.664390286839534,37.87713802326656,39.44397092503635,2023-02-08 12:42:35,2023-02-08 15:03:04,2023-02-10 04:39:19,Wednesday,15
20,b,2,0,37.77958063819682,39.44397092503635,4.579362022158605,0.082,0.05339109712225361,0.0,0.0061077875766770645,0.14149888469893068,39.579362022158605,39.58546980973528,2023-02-08 12:42:35,2023-02-10 07:54:16,2023-02-10 08:03:04,Friday,7
20,d,3,0,37.77958063819682,39.58546980973529,4.644643132713554,0.041,0.018173322978270137,0.0,0.6766774892906017,0.7358508122688718,39.644643132713554,40.32132062200416,2023-02-08 12:42:35,2023-02-10 09:28:17,2023-02-11 01:42:42,Friday,9
20,f,4,0,37.77958063819682,40.32132062200416,5.433224554053737,0.041,0.0709039320495817,2.066775445946263,0.04559550707234341,2.224274885068188,42.5,42.54559550707234,2023-02-08 12:42:35,2023-02-13 06:00:00,2023-02-13 07:05:39,Monday,6
20,e,5,0,37.77958063819682,42.54559550707235,0.6599566014384806,0.082,0.03236109436613254,0.0,2.317997498460379,2.4323585928265112,42.65995660143848,44.97795409989886,2023-02-08 12:42:35,2023-02-13 09:50:20,2023-02-15 17:28:15,Monday,9
20,e,6,0,37.77958063819682,44.97795409989886,3.158562656975654,0.082,0.09860855707679757,0.3414373430243458,23.47376182410155,23.995807724202695,45.5,68.97376182410156,2023-02-08 12:42:35,2023-02-16 06:00:00,2023-03-11 17:22:13,Thursday,6
20,b,7,0,37.77958063819682,68.97376182410156,6.104773821690969,0.082,0.049011997589409585,1.3952261783090307,8.502057667232055,10.028295843130495,70.49999999999999,79.00205766723204,2023-02-08 12:42:35,2023-03-13 05:59:59,2023-03-21 18:02:57,Monday,5
21,d,1,0,43.1496879610126,43.1496879610126,1.367553237846984,0.082,0.13586527683438424,0.1324467621530161,0.03552961496240266,0.38584165394980297,43.50000000000001,43.53552961496241,2023-02-13 21:35:33,2023-02-14 06:00:00,2023-02-14 06:51:09,Tuesday,6
21,d,2,0,43.1496879610126,43.53552961496241,1.6783697002092097,0.041,0.10184008524680217,0.0,0.22563499511262755,0.3684750803594297,43.6783697002092,43.90400469532183,2023-02-13 21:35:33,2023-02-14 10:16:51,2023-02-14 15:41:46,Tuesday,10
22,e,1,0,43.489055893125,43.489055893125,1.5455822703289144,0.041,0.015526377203918279,0.0,1.9863781689424311,2.0429045461463495,43.545582270328914,45.531960439271344,2023-02-14 05:44:14,2023-02-14 07:05:38,2023-02-16 06:46:01,Tuesday,7
22,b,2,0,43.489055893125,45.531960439271344,3.5828580308387217,0.041,0.009897591567373906,0.0,0.014891216669907177,0.06578880823728109,45.582858030838715,45.597749247508624,2023-02-14 05:44:14,2023-02-16 07:59:18,2023-02-16 08:20:45,Thursday,7
22,e,3,0,43.489055893125,45.597749247508624,3.6826986535613386,0.082,0.002949406052714336,0.0,1.3396593474934164,1.4246087535461307,45.68269865356134,47.022358001054755,2023-02-14 05:44:14,2023-02-16 10:23:05,2023-02-17 18:32:11,Thursday,10
22,d,4,0,43.489055893125,47.022358001054755,5.167185342126459,0.123,0.021827341071705888,2.3328146578735414,0.37457723428971934,2.8522192332349663,49.5,49.87457723428972,2023-02-14 05:44:14,2023-02-20 06:00:00,2023-02-20 14:59:23,Monday,6
23,d,1,0,45.17606342847935,45.17606342847935,3.300858223916407,0.123,0.0017947954370516623,0.19914177608359296,0.7865820676885333,1.110518639209178,45.49999999999999,46.28658206768853,2023-02-15 22:13:31,2023-02-16 05:59:59,2023-02-17 00:52:40,Thursday,5
23,e,2,0,45.17606342847935,46.28658206768853,4.378245391678014,0.082,0.00966332398948529,0.12175460832198581,1.0579324191544466,1.2713503514659177,46.5,47.55793241915445,2023-02-15 22:13:31,2023-02-17 06:00:00,2023-02-18 07:23:25,Friday,6
23,c,3,0,45.17606342847935,47.55793241915445,5.680790269194937,0.082,0.040857850040489564,1.8192097308050634,2.0694856782446025,4.011553259090156,49.5,51.569485678244604,2023-02-15 22:13:31,2023-02-20 06:00:00,2023-02-22 07:40:03,Monday,6
23,d,4,0,45.17606342847935,51.569485678244604,3.1056652519084764,0.082,0.45417957366387296,0.3943347480915236,0.3279055647876475,1.258419886543044,52.5,52.82790556478765,2023-02-15 22:13:31,2023-02-23 06:00:00,2023-02-23 13:52:11,Thursday,6
23,e,5,0,45.17606342847935,52.82790556478765,3.9879912668470965,0.123,0.03708570205944441,0.0,3.8679171845896474,4.028002886649092,52.98799126684709,56.85590845143674,2023-02-15 22:13:31,2023-02-23 17:42:42,2023-02-27 14:32:30,Thursday,17
23,b,6,0,45.17606342847935,56.85590845143674,0.9009329878135333,0.041,0.0040245363767961355,0.0,2.2412830364830216,2.2863075728598177,56.90093298781353,59.14221602429655,2023-02-15 22:13:31,2023-02-27 15:37:20,2023-03-01 21:24:47,Monday,15
23,c,7,0,45.17606342847935,59.14221602429656,3.219440511001551,0.041,0.036224486704991975,0.28055948899844907,3.4161623676001436,3.7739463433035847,59.5,62.916162367600144,2023-02-15 22:13:31,2023-03-02 06:00:00,2023-03-05 15:59:16,Thursday,6
23,d,8,0,45.17606342847935,62.916162367600144,0.040825208538173285,0.123,0.0016628409380324554,0.4591747914618267,1.157466862301967,1.7413044947018261,63.5,64.65746686230197,2023-02-15 22:13:31,2023-03-06 06:00:00,2023-03-07 09:46:45,Monday,6
23,f,9,0,45.17606342847935,64.65746686230197,1.8868974467431485,0.0,0.22943058444117592,0.0,0.12594099579907153,0.35537158024024745,64.88689744674315,65.01283844254222,2023-02-15 22:13:31,2023-03-07 15:17:07,2023-03-07 18:18:29,Tuesday,15
24,e,1,0,46.055909717569484,46.055909717569484,4.297385113204136,0.123,0.1184753956346491,0.20261488679586392,0.5845496136048804,1.0286398960353935,46.49999999999999,47.08454961360487,2023-02-16 19:20:30,2023-02-17 05:59:59,2023-02-17 20:01:45,Friday,5
24,c,2,0,46.055909717569484,47.08454961360488,5.317834487454064,0.123,0.1102848738491882,2.182165512545936,3.413537728142188,5.828988114537312,49.5,52.91353772814219,2023-02-16 19:20:30,2023-02-20 06:00:00,2023-02-23 15:55:29,Monday,6
25,f,1,0,49.967961824196,49.967961824196,1.092149135550308,0.082,0.042187311354301815,0.4078508644496921,4.602805827115861,5.134844002919855,50.5,55.10280582711586,2023-02-20 17:13:51,2023-02-21 06:00:00,2023-02-25 20:28:02,Tuesday,6
25,b,2,0,49.967961824196,55.10280582711586,6.299202123345374,0.082,0.1143962962295137,1.200797876654626,0.07121074284891116,1.4684049157330508,56.5,56.57121074284891,2023-02-20 17:13:51,2023-02-27 06:00:00,2023-02-27 07:42:32,Monday,6
26,d,1,0,50.018702149925076,50.018702149925076,1.1795355987034952,0.041,0.11983344877841634,0.3204644012965048,0.08436284854956884,0.56566069862449,50.49999999999999,50.58436284854956,2023-02-20 18:26:55,2023-02-21 05:59:59,2023-02-21 08:01:28,Tuesday,5
26,c,2,0,50.018702149925076,50.58436284854957,1.7431874170770882,0.041,0.11782456852751813,0.0,2.723671975123318,2.882496543650836,50.74318741707708,53.4668593922004,2023-02-20 18:26:55,2023-02-21 11:50:11,2023-02-24 05:12:16,Tuesday,11
26,b,3,0,50.018702149925076,53.466859392200405,4.694319733333039,0.041,0.18646034113263443,0.0,0.08717859843583473,0.31463893956846917,53.69431973333304,53.78149833176887,2023-02-20 18:26:55,2023-02-24 10:39:49,2023-02-24 12:45:21,Friday,10
26,d,4,0,50.018702149925076,53.78149833176887,4.831428989024651,0.041,0.008930657255781993,0.0,0.21390195170841048,0.26383260896419247,53.83142898902465,54.04533094073306,2023-02-20 18:26:55,2023-02-24 13:57:15,2023-02-24 19:05:16,Friday,13
27,d,1,0,52.03002740696902,52.03002740696902,3.1956542012622293,0.082,0.08362679429320818,0.3043457987377707,0.038516599165377564,0.5084891921963565,52.5,52.538516599165376,2023-02-22 18:43:14,2023-02-23 06:00:00,2023-02-23 06:55:27,Thursday,6
27,b,2,0,52.03002740696902,52.538516599165376,3.664515791589224,0.123,0.002999192423850301,0.0,0.542763699758729,0.6687628921825792,52.664515791589224,53.207279491347954,2023-02-22 18:43:14,2023-02-23 09:56:54,2023-02-23 22:58:28,Thursday,9
27,e,3,0,52.03002740696902,53.207279491347954,4.48015753077626,0.082,0.19087803942830625,0.019842469223739556,9.61287161365376,9.905592122305807,53.5,63.11287161365376,2023-02-22 18:43:14,2023-02-24 06:00:00,2023-03-05 20:42:32,Friday,6
27,b,4,0,52.03002740696902,63.11287161365376,0.3388985967345448,0.082,0.1440269830807848,0.1611014032654552,3.0535801620281195,3.4407085483743596,63.5,66.55358016202813,2023-02-22 18:43:14,2023-03-06 06:00:00,2023-03-09 07:17:09,Monday,6
27,e,5,0,52.03002740696902,66.55358016202811,3.8567855869361125,0.082,0.22120542490800751,0.0,0.4022307761011571,0.7054362010091646,66.85678558693611,67.25901636303728,2023-02-22 18:43:14,2023-03-09 14:33:46,2023-03-10 00:12:59,Thursday,14
27,f,6,0,52.03002740696902,67.25901636303728,4.314007781263271,0.041,0.01399141822599562,0.1859922187367289,0.16353626633281257,0.4045199032955371,67.5,67.66353626633281,2023-02-22 18:43:14,2023-03-10 06:00:00,2023-03-10 09:55:29,Friday,6
27,e,7,0,52.03002740696902,67.66353626633281,4.705300780820764,0.041,0.000764514487951315,0.0,0.06915738584338091,0.11092190033133223,67.70530078082076,67.77445816666415,2023-02-22 18:43:14,2023-03-10 10:55:37,2023-03-10 12:35:13,Friday,10
27,f,8,0,52.03002740696902,67.77445816666415,4.873984296792543,0.041,0.0585261301283921,0.0,0.7142157295818915,0.8137418597102836,67.87398429679253,68.58820002637442,2023-02-22 18:43:14,2023-03-10 14:58:32,2023-03-11 08:07:00,Friday,14
27,b,9,0,52.03002740696902,68.58820002637442,5.751784263320545,0.082,0.08158423694612488,1.7482157366794553,0.6502080071991522,2.5620079808247325,70.5,71.15020800719915,2023-02-22 18:43:14,2023-03-13 06:00:00,2023-03-13 21:36:17,Monday,6
28,e,1,0,52.0410532571758,52.0410532571758,3.449523514226783,0.123,0.28547025705098966,0.05047648577321695,0.759124955034206,1.2180716978584125,52.5,53.2591249550342,2023-02-22 18:59:07,2023-02-23 06:00:00,2023-02-24 00:13:08,Thursday,6
28,d,2,0,52.0410532571758,53.25912495503421,4.413254249063229,0.041,0.11312929402902237,0.08674575093677106,0.6179664822163642,0.8588415271821577,53.5,54.11796648221637,2023-02-22 18:59:07,2023-02-24 06:00:00,2023-02-24 20:49:52,Friday,6
28,c,3,0,52.0410532571758,54.11796648221637,5.34946410404806,0.082,0.14949762183169282,2.15053589595194,9.051735937080922,11.433769454864555,56.5,65.55173593708092,2023-02-22 18:59:07,2023-02-27 06:00:00,2023-03-08 07:14:29,Monday,6
28,c,4,0,52.0410532571758,65.55173593708092,2.56911113957689,0.0,0.01737520249596549,0.0,1.6588716010878155,1.676246803583781,65.56911113957689,67.2279827406647,2023-02-22 18:59:07,2023-03-08 07:39:31,2023-03-09 23:28:17,Wednesday,7
28,b,5,0,52.0410532571758,67.2279827406647,4.372494596752418,0.041,0.10351185608771614,0.1275054032475822,2.2192854432475198,2.491302702582818,67.5,69.71928544324751,2023-02-22 18:59:07,2023-03-10 06:00:00,2023-03-12 11:15:46,Friday,6
29,e,1,0,54.9066781246107,54.9066781246107,6.021841410613099,0.041,0.07416328600239745,1.4781585893869007,1.6793947649535992,3.2727166403428973,56.49999999999999,58.17939476495359,2023-02-25 15:45:36,2023-02-27 05:59:59,2023-02-28 22:18:19,Monday,5
29,b,2,0,54.9066781246107,58.1793947649536,2.234039566809983,0.041,0.013644801856381445,0.26596043319001694,0.06453444484361145,0.38513967989000986,58.49999999999999,58.5645344448436,2023-02-25 15:45:36,2023-03-01 05:59:59,2023-03-01 07:32:55,Wednesday,5
29,f,3,0,54.9066781246107,58.56453444484361,2.7154000992958345,0.082,0.06886565445222237,0.0,1.4799621505761906,1.630827805028413,58.715400099295834,60.195362249872026,2023-02-25 15:45:36,2023-03-01 11:10:10,2023-03-02 22:41:19,Wednesday,11
29,e,4,0,54.9066781246107,60.19536224987202,4.241985554183991,0.041,0.005623304311970804,0.2580144458160092,1.8291858976305515,2.1338236477585317,60.49999999999999,62.329185897630545,2023-02-25 15:45:36,2023-03-03 06:00:00,2023-03-05 01:54:01,Friday,6
29,b,5,0,54.9066781246107,62.32918589763055,6.7030398077819555,0.123,0.2508539101514031,0.7969601922180445,3.351477144272698,4.522291246642146,63.5,66.85147714427269,2023-02-25 15:45:36,2023-03-06 06:00:00,2023-03-09 14:26:07,Monday,6
30,f,1,0,60.165405176497664,60.165405176497664,4.360732129602319,0.041,0.1543269531046575,0.1392678703976813,0.026942612040328315,0.36153743554266715,60.5,60.52694261204033,2023-03-02 21:58:11,2023-03-03 06:00:00,2023-03-03 06:38:47,Friday,6
31,e,1,0,60.94327581965578,60.94327581965578,5.108763711195188,0.041,0.12448789153940726,2.391236288804812,0.2784834251426856,2.835207605486905,63.5,63.77848342514269,2023-03-03 16:38:19,2023-03-06 06:00:00,2023-03-06 12:41:00,Monday,6
31,b,2,0,60.94327581965578,63.77848342514269,0.9383349863069554,0.041,0.11885156116426986,0.0,0.01566375162380588,0.17551531278807572,63.938334986306955,63.95399873793076,2023-03-03 16:38:19,2023-03-06 16:31:12,2023-03-06 16:53:45,Monday,16
31,c,3,0,60.94327581965578,63.95399873793077,1.0471215008648755,0.082,0.011122762934114096,0.45287849913512446,1.7789313203176431,2.324932582386882,64.5,66.27893132031764,2023-03-03 16:38:19,2023-03-07 06:00:00,2023-03-09 00:41:39,Tuesday,6
32,d,1,0,62.11615032747534,62.11615032747534,6.172029219153394,0.041,0.014878891678059062,1.3279707808466057,2.1934961971971836,3.5773458697218485,63.5,65.69349619719718,2023-03-04 20:47:15,2023-03-06 06:00:00,2023-03-08 10:38:38,Monday,6
32,b,2,0,62.11615032747534,65.69349619719719,2.9056948800471076,0.123,0.08919868284992055,0.0,0.16672028633316904,0.3789189691830896,65.90569488004712,66.0724151663803,2023-03-04 20:47:15,2023-03-08 15:44:12,2023-03-08 19:44:16,Wednesday,15
33,b,1,0,62.54721768618047,62.54721768618047,6.897592675642869,0.041,0.3093749894624015,0.6024073243571308,0.80297285483011,1.7557551686496424,63.49999999999999,64.3029728548301,2023-03-05 07:07:59,2023-03-06 06:00:00,2023-03-07 01:16:16,Monday,6
33,d,2,0,62.54721768618047,64.3029728548301,1.4448159259459032,0.041,0.10084307111579847,0.055184074054096754,0.18725912361675984,0.38428626878665506,64.5,64.68725912361676,2023-03-05 07:07:59,2023-03-07 06:00:00,2023-03-07 10:29:39,Tuesday,6
33,f,3,0,62.54721768618047,64.68725912361676,1.7282744031709285,0.041,1.5279554169108762e-05,0.0,2.452623000698707,2.493638280252876,64.72827440317091,67.18089740386962,2023-03-05 07:07:59,2023-03-07 11:28:42,2023-03-09 22:20:29,Tuesday,11
34,b,1,0,63.45008314612117,63.45008314612117,0.6384561994319924,0.082,0.10637305331081899,0.0,0.2080288302747284,0.3964018835855474,63.63845619943199,63.84648502970672,2023-03-06 04:48:07,2023-03-06 09:19:22,2023-03-06 14:18:56,Monday,9
34,c,2,0,63.45008314612117,63.84648502970672,0.9944949087233539,0.123,0.025009879016630966,0.0,0.8442477339690827,0.9922576129857137,63.99449490872335,64.83874264269242,2023-03-06 04:48:07,2023-03-06 17:52:04,2023-03-07 14:07:47,Monday,17
34,b,3,0,63.45008314612117,64.83874264269244,1.9755316256027413,0.0,0.13678898291030323,0.0,1.0863117708325014,1.2231007537428047,64.97553162560274,66.06184339643524,2023-03-06 04:48:07,2023-03-07 17:24:45,2023-03-08 19:29:03,Tuesday,17
34,d,4,0,63.45008314612117,66.06184339643524,3.199673871101652,0.041,0.09683047466641459,0.3003261288983481,0.16169094718220467,0.5998475507469674,66.5,66.66169094718221,2023-03-06 04:48:07,2023-03-09 06:00:00,2023-03-09 09:52:50,Thursday,6
34,d,5,0,63.45008314612117,66.66169094718221,3.771385315996028,0.082,0.027694368813826115,0.0,0.392653338847077,0.5023477076609031,66.77138531599603,67.16403865484311,2023-03-06 04:48:07,2023-03-09 12:30:47,2023-03-09 21:56:12,Thursday,12
34,e,6,0,63.45008314612117,67.16403865484311,4.466600911568932,0.082,0.22056225672582264,0.03339908843106798,0.0944796671254572,0.4304410122823478,67.5,67.59447966712546,2023-03-06 04:48:07,2023-03-10 06:00:00,2023-03-10 08:16:03,Friday,6
35,f,1,0,64.37061546217029,64.37061546217029,1.6021304930250153,0.123,0.1085150308547162,0.0,4.845563308538607,5.077078339393323,64.60213049302502,69.44769380156362,2023-03-07 02:53:41,2023-03-07 08:27:04,2023-03-12 04:44:40,Tuesday,8
35,e,2,0,64.37061546217029,69.44769380156362,6.60923495566054,0.082,0.07954115409691824,0.8907650443394601,2.3733222185943346,3.4256284170307127,70.49999999999999,72.87332221859432,2023-03-07 02:53:41,2023-03-13 05:59:59,2023-03-15 14:57:35,Monday,5
36,d,1,0,67.37079039530222,67.37079039530222,4.615342269942104,0.082,0.16255187463988113,0.0,0.4231780034558123,0.6677298780956935,67.6153422699421,68.03852027339792,2023-03-10 02:53:56,2023-03-10 08:46:05,2023-03-10 18:55:28,Friday,8
37,f,1,0,68.62372575844667,68.62372575844667,5.728330134014342,0.041,0.06360437556766783,1.7716698659856576,5.110237096618761,6.986511338172086,70.49999999999999,75.61023709661875,2023-03-11 08:58:09,2023-03-13 05:59:59,2023-03-18 08:38:44,Monday,5
37,c,2,0,68.62372575844667,75.61023709661876,5.776270078229388,0.082,0.08403298161062697,1.7237299217706123,0.42410952614537156,2.3138724295266107,77.5,77.92410952614537,2023-03-11 08:58:09,2023-03-20 06:00:00,2023-03-20 16:10:43,Monday,6
37,e,3,0,68.62372575844667,77.92410952614537,1.0886945615176415,0.0,0.16458503537226987,0.41130543848235845,3.2728108639686075,3.8487013378232358,78.5,81.7728108639686,2023-03-11 08:58:09,2023-03-21 06:00:00,2023-03-24 12:32:50,Tuesday,6
37,d,4,0,68.62372575844667,81.7728108639686,5.180255737378403,0.082,0.3254448734098005,2.3197442626215974,1.22053528970462,3.947724425736018,84.49999999999999,85.7205352897046,2023-03-11 08:58:09,2023-03-27 05:59:59,2023-03-28 11:17:34,Monday,5
37,b,5,0,68.62372575844667,85.72053528970461,1.900751293170174,0.041,0.13921600346556004,0.0,2.743651179158626,2.923867182624186,85.90075129317017,88.6444024723288,2023-03-11 08:58:09,2023-03-28 15:37:04,2023-03-31 09:27:56,Tuesday,15
37,c,6,0,68.62372575844667,88.6444024723288,4.819333962545443,0.123,0.051931490216642506,0.0,1.2800701594591815,1.455001649675824,88.81933396254546,90.09940412200464,2023-03-11 08:58:09,2023-03-31 13:39:50,2023-04-01 20:23:08,Friday,13
38,c,1,0,69.40025109641466,69.40025109641466,6.511035315740003,0.082,0.028784219325337475,0.9889646842599973,1.194462257736169,2.2942111613215035,70.49999999999999,71.69446225773615,2023-03-12 03:36:21,2023-03-13 05:59:59,2023-03-14 10:40:01,Monday,5
38,e,2,0,69.40025109641466,71.69446225773616,2.081430081500173,0.041,0.34596782376400675,0.41856991849982705,1.4958558607559163,2.30139360301975,72.5,73.99585586075591,2023-03-12 03:36:21,2023-03-15 06:00:00,2023-03-16 17:54:01,Wednesday,6
39,c,1,0,70.81499236251071,70.81499236251071,0.8684338148326134,0.0,0.05344145232190557,0.0,0.5003798448871031,0.5538212972090086,70.86843381483261,71.36881365971972,2023-03-13 13:33:35,2023-03-13 14:50:32,2023-03-14 02:51:05,Monday,14
39,e,2,0,70.81499236251071,71.36881365971972,1.4582283624310577,0.082,0.007414702711343023,0.04177163756894231,0.07035623681194046,0.20154257709222578,71.5,71.57035623681195,2023-03-13 13:33:35,2023-03-14 06:00:00,2023-03-14 07:41:18,Tuesday,6
39,d,3,0,70.81499236251071,71.57035623681195,1.7368509545739954,0.123,0.04349471776205443,0.0,0.35000765954432,0.5165023773063744,71.73685095457401,72.08685861411833,2023-03-13 13:33:35,2023-03-14 11:41:03,2023-03-14 20:05:04,Tuesday,11
39,d,4,0,70.81499236251071,72.08685861411833,2.164837326049522,0.041,0.03697871193119685,0.33516267395047805,0.5531916086504481,0.9663329945321231,72.5,73.05319160865045,2023-03-13 13:33:35,2023-03-15 06:00:00,2023-03-15 19:16:35,Wednesday,6
40,b,1,0,72.75569857524364,72.75569857524364,2.9082626340924946,0.123,0.029564058848848537,0.0,2.0579527053692477,2.210516764218096,72.9082626340925,74.96621533946174,2023-03-15 12:08:12,2023-03-15 15:47:53,2023-03-17 17:11:21,Wednesday,15
40,e,2,0,72.75569857524364,74.96621533946174,5.060131596561462,0.041,0.052916257099721975,2.4398684034385383,0.5515993950101118,3.085384055548372,77.5,78.05159939501011,2023-03-15 12:08:12,2023-03-20 06:00:00,2023-03-20 19:14:18,Monday,6
41,b,1,0,73.32516593845915,73.32516593845915,3.5598872535128265,0.082,0.15272131505367026,0.0,0.9897615117977895,1.2244828268514598,73.55988725351281,74.54964876531061,2023-03-16 01:48:14,2023-03-16 07:26:14,2023-03-17 07:11:29,Thursday,7
41,f,2,0,73.32516593845915,74.54964876531061,4.66282277645044,0.082,0.03117401113983477,0.0,0.002272231833224832,0.11544624297305961,74.66282277645044,74.66509500828367,2023-03-16 01:48:14,2023-03-17 09:54:27,2023-03-17 09:57:44,Friday,9
42,d,1,0,73.97793485860342,73.97793485860342,4.04887463738784,0.041,0.02993977878442087,0.4511253626121601,2.950279863225006,3.4723450046215865,74.5,77.450279863225,2023-03-16 17:28:13,2023-03-17 06:00:00,2023-03-20 04:48:24,Friday,6
42,c,2,0,73.97793485860342,77.450279863225,0.5516186224423194,0.082,0.019338759217308155,0.0,2.429690963823241,2.5310297230405494,77.5516186224423,79.98130958626555,2023-03-16 17:28:13,2023-03-20 07:14:19,2023-03-22 17:33:05,Monday,7
42,d,3,0,73.97793485860342,79.98130958626555,3.1179049196637436,0.041,0.0955953333981902,0.3820950803362564,3.224165754888618,3.7428561686230646,80.5,83.72416575488862,2023-03-16 17:28:13,2023-03-23 06:00:00,2023-03-26 11:22:47,Thursday,6
43,c,1,0,78.0243755256566,78.0243755256566,1.1726013529443264,0.123,0.02522582728773627,0.32739864705567356,0.06596811627084151,0.5415925906142514,78.50000000000001,78.56596811627085,2023-03-20 18:35:06,2023-03-21 06:00:00,2023-03-21 07:34:59,Tuesday,6
43,e,2,0,78.0243755256566,78.56596811627085,1.7255013298891981,0.041,0.11853321361835062,0.0,0.7058075236459028,0.8653407372642534,78.7255013298892,79.4313088535351,2023-03-20 18:35:06,2023-03-21 11:24:43,2023-03-22 04:21:05,Tuesday,11
43,f,3,0,78.0243755256566,79.4313088535351,2.566032004688921,0.082,0.05272315115381913,0.0,2.003804071354062,2.138527222507881,79.5660320046889,81.56983607604298,2023-03-20 18:35:06,2023-03-22 07:35:05,2023-03-24 07:40:33,Wednesday,7
43,f,4,0,78.0243755256566,81.56983607604298,4.8453598763819485,0.041,0.23452380033897172,0.0,0.020282806274830634,0.29580660661380237,81.84535987638195,81.86564268265678,2023-03-20 18:35:06,2023-03-24 14:17:19,2023-03-24 14:46:31,Friday,14
43,e,5,0,78.0243755256566,81.86564268265678,4.93182589992314,0.041,0.025183217266362735,0.0,0.06978728573878806,0.1359705030051508,81.93182589992314,82.00161318566192,2023-03-20 18:35:06,2023-03-24 16:21:49,2023-03-24 18:02:19,Friday,16
43,f,6,0,78.0243755256566,82.00161318566194,5.099738998641172,0.041,0.057125812979235496,2.400261001358828,1.3384883749893783,3.8368751893274418,84.5,85.83848837498938,2023-03-20 18:35:06,2023-03-27 06:00:00,2023-03-28 14:07:25,Monday,6
43,c,7,0,78.0243755256566,85.83848837498938,1.8858344320680374,0.0,0.047346057078654497,0.0,4.119557615732781,4.1669036728114355,85.88583443206804,90.00539204780083,2023-03-20 18:35:06,2023-03-28 15:15:36,2023-04-01 18:07:45,Tuesday,15
43,e,8,0,78.0243755256566,90.00539204780081,6.0107744672492345,0.0,0.005382419448430179,1.4892255327507655,2.799433912440207,4.294041864639403,91.5,94.29943391244021,2023-03-20 18:35:06,2023-04-03 06:00:00,2023-04-06 01:11:11,Monday,6
43,f,9,0,78.0243755256566,94.29943391244021,3.447977287779196,0.082,0.0665433753389949,0.052022712220804124,0.5685178629744261,0.7690839505342251,94.5,95.06851786297443,2023-03-20 18:35:06,2023-04-06 06:00:00,2023-04-06 19:38:39,Thursday,6
44,b,1,0,84.42122045423004,84.42122045423004,0.7791150153932165,0.123,0.23489456116317242,0.0,1.5519177110369557,1.9098122722001283,84.77911501539322,86.33103272643017,2023-03-27 04:06:33,2023-03-27 12:41:55,2023-03-29 01:56:41,Monday,12
44,b,2,0,84.42122045423004,86.33103272643017,2.4438086013743003,0.082,0.030775874944140635,0.05619139862569966,0.2502909053163988,0.4192581788862391,86.5,86.7502909053164,2023-03-27 04:06:33,2023-03-29 06:00:00,2023-03-29 12:00:25,Wednesday,6
44,e,3,0,84.42122045423004,86.7502909053164,2.887804345574466,0.082,0.05551344025806394,0.0,9.22894926419053,9.366462704448594,86.88780434557447,96.116753609765,2023-03-27 04:06:33,2023-03-29 15:18:26,2023-04-07 20:48:07,Wednesday,15
44,c,4,0,84.42122045423004,96.116753609765,5.254565320202886,0.041,0.09681171043788832,2.245434679797114,0.19237963884448966,2.575626029079492,98.5,98.69237963884449,2023-03-27 04:06:33,2023-04-10 06:00:00,2023-04-10 10:37:01,Monday,6
44,d,5,0,84.42122045423004,98.69237963884449,0.8316727607407159,0.041,0.0982931218962296,0.0,0.7493976727946315,0.8886907946908611,98.83167276074072,99.58107043353534,2023-03-27 04:06:33,2023-04-10 13:57:36,2023-04-11 07:56:44,Monday,13
44,d,6,0,84.42122045423004,99.58107043353534,1.6412366576908965,0.041,0.019166224155553593,0.0,0.3154544044615951,0.37562062861714873,99.6412366576909,99.95669106215249,2023-03-27 04:06:33,2023-04-11 09:23:22,2023-04-11 16:57:38,Tuesday,9
45,f,1,0,84.47293626704253,84.47293626704253,0.6690577969061593,0.123,0.07312152986363883,0.0,9.68996753355364,9.886089063417279,84.66905779690617,94.35902533045981,2023-03-27 05:21:01,2023-03-27 10:03:26,2023-04-06 02:36:59,Monday,10
45,e,2,0,84.47293626704253,94.3590253304598,3.6389540809783796,0.082,0.19792875051858283,0.0,0.3059366960994752,0.5858654466180581,94.63895408097838,94.94489077707786,2023-03-27 05:21:01,2023-04-06 09:20:05,2023-04-06 16:40:38,Thursday,9
45,d,3,0,84.47293626704253,94.94489077707786,4.150510876115334,0.082,0.12362009903746829,0.34948912388466624,1.4352290664780412,1.9903382894001758,95.49999999999999,96.93522906647803,2023-03-27 05:21:01,2023-04-07 05:59:59,2023-04-08 16:26:43,Friday,5
45,e,4,0,84.47293626704253,96.93522906647803,6.068748345219262,0.082,0.05151927874122875,1.4312516547807377,5.665144336136178,7.229915269658145,98.49999999999999,104.16514433613617,2023-03-27 05:21:01,2023-04-10 05:59:59,2023-04-15 21:57:48,Monday,5
45,b,5,0,84.47293626704253,104.16514433613618,6.2927350026114794,0.082,0.04559066647530214,1.2072649973885206,0.20620917280698114,1.5410648366708037,105.5,105.70620917280698,2023-03-27 05:21:01,2023-04-17 06:00:00,2023-04-17 10:56:56,Monday,6
45,e,6,0,84.47293626704253,105.70620917280698,0.7402052564792427,0.0,0.03399608367226816,0.0,0.6831109454366939,0.7171070291089621,105.74020525647924,106.42331620191594,2023-03-27 05:21:01,2023-04-17 11:45:53,2023-04-18 04:09:34,Monday,11
45,b,7,0,84.47293626704253,106.42331620191594,1.5188139440328001,0.082,0.013497742116860657,0.0,0.3026579848155934,0.39815572693245405,106.51881394403279,106.82147192884838,2023-03-27 05:21:01,2023-04-18 06:27:05,2023-04-18 13:42:55,Tuesday,6
45,d,8,0,84.47293626704253,106.8214719288484,2.136414637957884,0.0,0.31494270910948396,0.3635853620421159,4.325676248735112,5.004204319886712,107.5,111.8256762487351,2023-03-27 05:21:01,2023-04-19 06:00:00,2023-04-23 13:48:58,Wednesday,6
45,c,9,0,84.47293626704253,111.8256762487351,6.932529348980708,0.041,0.06585310024560107,0.567470651019292,1.7846120617339614,2.4589358129988543,112.5,114.28461206173397,2023-03-27 05:21:01,2023-04-24 06:00:00,2023-04-26 00:49:50,Monday,6
45,c,10,0,84.47293626704253,114.28461206173397,2.477001427874967,0.082,0.11038936614100253,0.02299857212503298,0.6586585703630333,0.8740465086290689,114.5,115.15865857036303,2023-03-27 05:21:01,2023-04-26 06:00:00,2023-04-26 21:48:28,Wednesday,6
46,f,1,0,85.40225646180735,85.40225646180735,1.666826705230534,0.123,0.14157024342318345,0.0,0.6741396962512628,0.9387099396744463,85.66682670523055,86.34096640148181,2023-03-28 03:39:14,2023-03-28 10:00:13,2023-03-29 02:10:59,Tuesday,10
46,f,2,0,85.40225646180735,86.34096640148181,2.500654345176912,0.123,0.036687943695108256,0.0,0.015026219999659826,0.17471416369476808,86.50065434517693,86.51568056517658,2023-03-28 03:39:14,2023-03-29 06:00:56,2023-03-29 06:22:34,Wednesday,6
46,b,3,0,85.40225646180735,86.51568056517658,2.5613065951444582,0.0,0.04562602996787053,0.0,9.912671810749488,9.958297840717359,86.56130659514446,96.47397840589394,2023-03-28 03:39:14,2023-03-29 07:28:16,2023-04-08 05:22:31,Wednesday,7
47,d,1,0,85.57429006322442,85.57429006322442,1.8902261910411653,0.123,0.19293612781673408,0.0,1.0881868786495803,1.4041230064663144,85.89022619104117,86.97841306969075,2023-03-28 07:46:58,2023-03-28 15:21:55,2023-03-29 17:28:54,Tuesday,15
47,e,2,0,85.57429006322442,86.97841306969075,3.124681711165053,0.082,0.06426864147431245,0.3753182888349471,1.3954443733972746,1.917031303706534,87.5,88.89544437339727,2023-03-28 07:46:58,2023-03-30 06:00:00,2023-03-31 15:29:26,Thursday,6
47,f,3,0,85.57429006322442,88.89544437339728,4.980152448813257,0.0,0.08470807541597941,0.0,1.9175147630379208,2.0022228384539003,88.98015244881326,90.89766721185117,2023-03-28 07:46:58,2023-03-31 17:31:25,2023-04-02 15:32:38,Friday,17
47,d,4,0,85.57429006322442,90.89766721185119,0.03388907998893842,0.041,0.09522186813775314,0.4661109200110616,0.7816225345512425,1.3839553227000572,91.5,92.28162253455125,2023-03-28 07:46:58,2023-04-03 06:00:00,2023-04-04 00:45:32,Monday,6
47,c,5,0,85.57429006322442,92.28162253455125,1.3794423471343862,0.041,0.0568198125831397,0.12055765286561382,2.8192834378936826,3.037660903342436,92.5,95.31928343789369,2023-03-28 07:46:58,2023-04-04 06:00:00,2023-04-07 01:39:46,Tuesday,6
47,f,6,0,85.57429006322442,95.31928343789369,4.431897430961953,0.082,0.030613993068261527,0.06810256903804657,3.660409030046838,3.841125592153146,95.49999999999999,99.16040903004682,2023-03-28 07:46:58,2023-04-07 05:59:59,2023-04-10 21:50:59,Friday,5
47,c,7,0,85.57429006322442,99.16040903004684,1.4230410738852726,0.0,0.26263204383843347,0.07695892611472743,5.1501464833384825,5.489737453291643,99.5,104.65014648333849,2023-03-28 07:46:58,2023-04-11 06:00:00,2023-04-16 09:36:12,Tuesday,6
47,e,8,0,85.57429006322442,104.65014648333847,6.7080695348624175,0.041,0.016923051523938956,0.7919304651375825,3.9130371900694034,4.762890706730925,105.49999999999999,109.41303719006939,2023-03-28 07:46:58,2023-04-17 05:59:59,2023-04-21 03:54:46,Monday,5
47,f,9,0,85.57429006322442,109.4130371900694,4.734097895645462,0.041,0.2800607055760656,0.0,0.09713753243503469,0.4181982380111003,109.73409789564546,109.83123542808049,2023-03-28 07:46:58,2023-04-21 11:37:06,2023-04-21 13:56:58,Friday,11
47,b,10,0,85.57429006322442,109.8312354280805,4.981494403447144,0.041,0.10925897536664309,0.0,28.653594181675476,28.80385315704212,109.98149440344714,138.63508858512262,2023-03-28 07:46:58,2023-04-21 17:33:21,2023-05-20 09:14:31,Friday,17
47,f,11,0,85.57429006322442,138.63508858512262,5.946396805202113,0.041,0.27030822007949823,1.553603194797887,5.042358740613767,6.907270155491152,140.5,145.54235874061376,2023-03-28 07:46:58,2023-05-22 06:00:00,2023-05-27 07:00:59,Monday,6
47,e,12,0,85.57429006322442,145.54235874061376,5.674681989986027,0.123,0.009323249372257463,1.825318010013973,1.7182968078870053,3.675938067273236,147.49999999999997,149.218296807887,2023-03-28 07:46:58,2023-05-29 05:59:59,2023-05-30 23:14:20,Monday,5
47,d,13,0,85.57429006322442,149.218296807887,2.3341564266794137,0.082,0.03385961879242257,0.1658435733205863,3.4584637885656875,3.7401669806786964,149.5,152.9584637885657,2023-03-28 07:46:58,2023-05-31 06:00:00,2023-06-03 17:00:11,Wednesday,6
47,f,14,0,85.57429006322442,152.9584637885657,6.167460042512573,0.123,0.08599625394686632,1.3325399574874268,0.7718068362643264,2.31334304769862,154.49999999999997,155.2718068362643,2023-03-28 07:46:58,2023-06-05 05:59:59,2023-06-06 00:31:24,Monday,5
47,f,15,0,85.57429006322442,155.27180683626432,1.523159885158691,0.082,0.16935304889438108,0.0,0.01657748979195008,0.26793053868633115,155.5231598851587,155.53973737495065,2023-03-28 07:46:58,2023-06-06 06:33:21,2023-06-06 06:57:13,Tuesday,6
48,f,1,0,87.33126676152848,87.33126676152848,3.468372415784188,0.041,0.09610565425570523,0.03162758421581202,2.591658260649646,2.7603914991211633,87.5,90.09165826064965,2023-03-30 01:57:01,2023-03-30 06:00:00,2023-04-01 20:11:59,Thursday,6
48,d,2,0,87.33126676152848,90.09165826064965,6.467233663662398,0.0,0.375575403012751,1.0327663363376018,0.7872044675963402,2.195546206946693,91.5,92.28720446759634,2023-03-30 01:57:01,2023-04-03 06:00:00,2023-04-04 00:53:34,Monday,6
48,f,3,0,87.33126676152848,92.28720446759634,1.490468723001669,0.082,0.12126425540532514,0.009531276998330895,3.1883326072235123,3.4011281396271684,92.49999999999999,95.6883326072235,2023-03-30 01:57:01,2023-04-04 05:59:59,2023-04-07 10:31:11,Tuesday,5
48,f,4,0,87.33126676152848,95.68833260722351,4.878479009791903,0.041,0.1491464025683885,0.0,0.5988574541366831,0.7890038567050717,95.8784790097919,96.47733646392858,2023-03-30 01:57:01,2023-04-07 15:05:00,2023-04-08 05:27:21,Friday,15
48,b,5,0,87.33126676152848,96.47733646392858,5.564323054915008,0.082,0.004986590986432229,1.9356769450849924,0.7052946671243597,2.7279582031957843,98.5,99.20529466712436,2023-03-30 01:57:01,2023-04-10 06:00:00,2023-04-10 22:55:37,Monday,6
48,f,6,0,87.33126676152848,99.20529466712436,1.5353610689847983,0.041,0.28906640186042953,0.0,1.1274297635966704,1.4574961654571,99.53536106898478,100.66279083258145,2023-03-30 01:57:01,2023-04-11 06:50:55,2023-04-12 09:54:25,Tuesday,6
48,c,7,0,87.33126676152848,100.66279083258146,2.723610968529698,0.041,0.019820135948229615,0.0,3.5586000237475046,3.6194201596957343,100.72361096852968,104.28221099227719,2023-03-30 01:57:01,2023-04-12 11:21:59,2023-04-16 00:46:23,Wednesday,11
49,c,1,0,87.41618273131284,87.41618273131284,3.4586521841673203,0.041,0.0014694528544761537,0.04134781583267966,0.13976091238568922,0.22357818107284502,87.5,87.63976091238568,2023-03-30 03:59:18,2023-03-30 06:00:00,2023-03-30 09:21:15,Thursday,6
49,e,2,0,87.41618273131284,87.63976091238568,3.7540513394659314,0.041,0.07329042708024984,0.0,0.32320399139428524,0.4374944184745351,87.75405133946593,88.07725533086021,2023-03-30 03:59:18,2023-03-30 12:05:50,2023-03-30 19:51:14,Thursday,12
49,d,3,0,87.41618273131284,88.07725533086021,4.165265170378632,0.082,0.006009839518423802,0.33473482962136814,3.2959860370681597,3.7187307062079515,88.5,91.79598603706816,2023-03-30 03:59:18,2023-03-31 06:00:00,2023-04-03 13:06:13,Friday,6
49,b,4,0,87.41618273131284,91.79598603706816,1.0059453181921612,0.0,0.2099592811240043,0.49405468180783885,1.039438142910945,1.743452105842788,92.5,93.53943814291094,2023-03-30 03:59:18,2023-04-04 06:00:00,2023-04-05 06:56:47,Tuesday,6
49,b,5,0,87.41618273131284,93.53943814291095,2.5868006844389555,0.0,0.047362541528002816,0.0,0.7162785237567469,0.7636410652847497,93.58680068443896,94.3030792081957,2023-03-30 03:59:18,2023-04-05 08:04:59,2023-04-06 01:16:26,Wednesday,8
49,f,6,0,87.41618273131284,94.3030792081957,3.6553420304697397,0.123,0.22926282227404077,0.0,4.060337075659419,4.412599897933459,94.65534203046974,98.71567910612916,2023-03-30 03:59:18,2023-04-06 09:43:41,2023-04-10 11:10:34,Thursday,9
49,d,7,0,87.41618273131284,98.71567910612916,0.8281290341780334,0.082,0.03044992804887231,0.0,1.1922244029346212,1.3046743309834934,98.82812903417802,100.02035343711265,2023-03-30 03:59:18,2023-04-10 13:52:30,2023-04-11 18:29:18,Monday,13
49,c,8,0,87.41618273131284,100.02035343711265,2.3024409805097434,0.082,0.20008754339710366,0.19755901949025656,1.8962454653502883,2.3758920282376486,100.5,102.39624546535029,2023-03-30 03:59:18,2023-04-12 06:00:00,2023-04-14 03:30:35,Wednesday,6
50,d,1,0,90.17530340139976,90.17530340139976,6.6398473449636555,0.082,0.38254394356389815,0.8601526550363445,0.4610347388534413,1.7857313374536838,91.5,91.96103473885344,2023-04-01 22:12:26,2023-04-03 06:00:00,2023-04-03 17:03:53,Monday,6
50,d,2,0,90.17530340139976,91.96103473885344,1.0896489156378522,0.082,0.046614176784405804,0.41035108436214784,0.06414621211355996,0.6031114732601136,92.49999999999999,92.56414621211354,2023-04-01 22:12:26,2023-04-04 05:59:59,2023-04-04 07:32:22,Tuesday,5
50,c,3,0,90.17530340139976,92.56414621211356,1.6899143625957436,0.123,0.002768150482194044,0.0,4.3495582138491935,4.475326364331387,92.68991436259576,97.03947257644495,2023-04-01 22:12:26,2023-04-04 10:33:28,2023-04-08 18:56:50,Tuesday,10
50,b,4,0,90.17530340139976,97.03947257644495,6.162634552850804,0.082,0.041161976405857253,1.337365447149196,1.882459662439606,3.3429870859946593,98.5,100.3824596624396,2023-04-01 22:12:26,2023-04-10 06:00:00,2023-04-12 03:10:44,Monday,6
50,f,5,0,90.17530340139976,100.38245966243962,2.515928906442767,0.082,0.051469244003150255,0.0,1.0198463300053047,1.1533155740084549,100.51592890644275,101.53577523644806,2023-04-01 22:12:26,2023-04-12 06:22:56,2023-04-13 06:51:30,Wednesday,6
50,c,6,0,90.17530340139976,101.53577523644807,3.584321871700169,0.041,0.007546635252093089,0.0,2.251187969985423,2.299734605237516,101.58432187170017,103.83550984168559,2023-04-01 22:12:26,2023-04-13 08:01:25,2023-04-15 14:03:08,Thursday,8
50,d,7,0,90.17530340139976,103.83550984168559,5.882023194651424,0.041,0.005513352965830533,1.617976805348576,10.120005955988114,11.78449611430252,105.5,115.62000595598812,2023-04-01 22:12:26,2023-04-17 06:00:00,2023-04-27 08:52:48,Monday,6
50,e,8,0,90.17530340139976,115.62000595598812,3.8316818756680817,0.082,0.1296759196799632,0.0,0.008410615427919762,0.22008653510788295,115.83168187566808,115.840092491096,2023-04-01 22:12:26,2023-04-27 13:57:37,2023-04-27 14:09:43,Thursday,13
50,f,9,0,90.17530340139976,115.840092491096,3.92732119047281,0.041,0.046228699376812385,0.0,0.03645592605382338,0.12368462543063577,115.92732119047281,115.96377711652663,2023-04-01 22:12:26,2023-04-27 16:15:20,2023-04-27 17:07:50,Thursday,16
50,c,10,0,90.17530340139976,115.96377711652664,4.1348321814375595,0.082,0.0890550649109223,0.3651678185624405,0.32711824001590784,0.8633411234892707,116.5,116.8271182400159,2023-04-01 22:12:26,2023-04-28 06:00:00,2023-04-28 13:51:03,Friday,6
50,c,11,0,90.17530340139976,116.82711824001592,5.09321789470313,0.041,0.2250996546872054,2.4067821052968696,2.1790364637547994,4.851918223738874,119.49999999999999,121.67903646375478,2023-04-01 22:12:26,2023-05-01 05:59:59,2023-05-03 10:17:48,Monday,5
50,e,12,0,90.17530340139976,121.6790364637548,3.1475454420516087,0.082,0.3865089782968152,0.3524545579483913,27.147596154698615,27.96855969094382,122.5,149.64759615469862,2023-04-01 22:12:26,2023-05-04 06:00:00,2023-05-31 09:32:32,Thursday,6
50,f,13,0,90.17530340139976,149.64759615469862,2.7331976146090255,0.082,0.0036014599103996584,0.0,11.747535160255248,11.833136620165648,149.73319761460903,161.48073277486426,2023-04-01 22:12:26,2023-05-31 11:35:48,2023-06-12 05:32:15,Wednesday,11
50,d,14,0,90.17530340139976,161.48073277486426,0.6528670465055768,0.041,0.13113427164131355,0.0,0.9521729289740672,1.1243072006153807,161.65286704650558,162.60503997547966,2023-04-01 22:12:26,2023-06-12 09:40:07,2023-06-13 08:31:15,Monday,9
50,b,15,0,90.17530340139976,162.60503997547966,2.1024709578288707,0.123,0.37443098234920896,0.3975290421711293,1.0540493193254,1.949009343845738,163.49999999999997,164.55404931932537,2023-04-01 22:12:26,2023-06-14 05:59:59,2023-06-15 07:17:49,Wednesday,5
50,f,16,0,90.17530340139976,164.5540493193254,3.73194070266635,0.123,0.054891383340959665,0.0,1.2114545456105121,1.3893459289514718,164.73194070266635,165.94339524827686,2023-04-01 22:12:26,2023-06-15 11:33:59,2023-06-16 16:38:29,Thursday,11
51,b,1,0,90.32015893076188,90.32015893076188,6.520814321871342,0.082,0.11865539110946202,0.9791856781286583,2.304068924480634,3.483909993718754,91.49999999999999,93.80406892448062,2023-04-02 01:41:01,2023-04-03 05:59:59,2023-04-05 13:17:51,Monday,5
51,c,2,0,90.32015893076188,93.80406892448063,2.8576485680458603,0.0,0.05357964356522963,0.0,1.149229895155353,1.2028095387205826,93.85764856804586,95.00687846320122,2023-04-02 01:41:01,2023-04-05 14:35:00,2023-04-06 18:09:54,Wednesday,14
51,c,3,0,90.32015893076188,95.00687846320122,4.211313526642826,0.123,0.0814350634416068,0.2886864733571741,0.6825584469099067,1.1756799837086875,95.5,96.18255844690991,2023-04-02 01:41:01,2023-04-07 06:00:00,2023-04-07 22:22:53,Friday,6
51,b,4,0,90.32015893076188,96.18255844690991,5.316469329921972,0.123,0.010910883012062497,2.183530670078028,0.19206929064009,2.50951084373018,98.5,98.69206929064009,2023-04-02 01:41:01,2023-04-10 06:00:00,2023-04-10 10:36:34,Monday,6
52,b,1,0,90.913795478496,90.913795478496,0.14968074983305257,0.082,0.1538852713370523,0.3503192501669474,1.031400801321702,1.6176053228257017,91.49999999999999,92.5314008013217,2023-04-02 15:55:51,2023-04-03 05:59:59,2023-04-04 06:45:13,Monday,5
52,d,2,0,90.913795478496,92.5314008013217,1.6173392658908483,0.082,0.003938464569153014,0.0,0.35345355131081363,0.4393920158799667,92.61733926589085,92.97079281720166,2023-04-02 15:55:51,2023-04-04 08:48:58,2023-04-04 17:17:56,Tuesday,8
52,e,3,0,90.913795478496,92.97079281720166,2.168324077681362,0.0,0.19753126047970315,0.3316759223186381,2.5314826017766157,3.060689784574957,93.5,96.03148260177662,2023-04-02 15:55:51,2023-04-05 06:00:00,2023-04-07 18:45:20,Wednesday,6
52,f,4,0,90.913795478496,96.03148260177662,5.216520924093203,0.082,0.10303832231658026,2.283479075906797,0.04226767536949512,2.5107850735928725,98.49999999999999,98.54226767536949,2023-04-02 15:55:51,2023-04-10 05:59:59,2023-04-10 07:00:51,Monday,5
53,e,1,0,91.816058759531,91.816058759531,0.9257883176750141,0.0,0.10972955814401593,0.0,0.03455806398832595,0.14428762213234186,91.92578831767501,91.96034638166334,2023-04-03 13:35:07,2023-04-03 16:13:08,2023-04-03 17:02:53,Monday,16
53,c,2,0,91.816058759531,91.96034638166334,1.4373369117853088,0.123,0.3539905301219611,0.06266308821469124,0.2189222656918447,0.758575884028497,92.5,92.71892226569184,2023-04-03 13:35:07,2023-04-04 06:00:00,2023-04-04 11:15:14,Tuesday,6
53,c,3,0,91.816058759531,92.71892226569184,1.9032360326040703,0.082,0.10231376691222832,0.0,0.4755024713659447,0.659816238278173,92.90323603260407,93.37873850397001,2023-04-03 13:35:07,2023-04-04 15:40:39,2023-04-05 03:05:23,Tuesday,15
54,e,1,0,93.86047316200339,93.86047316200339,2.9903610264608176,0.082,0.047887864457426155,0.0,0.1759833169508701,0.3058711814082963,93.9903610264608,94.16634434341168,2023-04-05 14:39:04,2023-04-05 17:46:07,2023-04-05 21:59:32,Wednesday,17
54,d,2,0,93.86047316200339,94.16634434341168,3.2095691556288415,0.041,0.0022248122171574696,0.2904308443711585,0.1128574920930615,0.4465131486813775,94.49999999999999,94.61285749209304,2023-04-05 14:39:04,2023-04-06 05:59:59,2023-04-06 08:42:30,Thursday,5
54,e,3,0,93.86047316200339,94.61285749209306,3.765288363178854,0.082,0.07043087108579464,0.0,19.96730231414614,20.119733185231933,94.76528836317884,114.73259067732498,2023-04-05 14:39:04,2023-04-06 12:22:00,2023-04-26 11:34:55,Thursday,12
54,b,4,0,93.86047316200339,114.73259067732499,2.8928027426382954,0.082,0.07821206531330165,0.0,2.064085673211656,2.2242977385249576,114.89280274263828,116.95688841584993,2023-04-05 14:39:04,2023-04-26 15:25:38,2023-04-28 16:57:55,Wednesday,15
54,b,5,0,93.86047316200339,116.95688841584995,4.9895058890732145,0.0,0.03261747322327071,0.0,0.5028657128207074,0.535483186043978,116.98950588907321,117.49237160189392,2023-04-05 14:39:04,2023-04-28 17:44:53,2023-04-29 05:49:00,Friday,17
54,c,6,0,93.86047316200339,117.49237160189392,5.615123705381308,0.041,0.08175210348739195,1.8848762946186923,0.8901195737796433,2.8977479718857277,119.5,120.39011957377964,2023-04-05 14:39:04,2023-05-01 06:00:00,2023-05-02 03:21:46,Monday,6
54,b,7,0,93.86047316200339,120.39011957377964,1.5906813975091865,0.082,0.11856182372954378,0.0,1.4950824256515085,1.6956442493810524,120.59068139750919,122.08576382316069,2023-04-05 14:39:04,2023-05-02 08:10:34,2023-05-03 20:03:29,Tuesday,8
54,b,8,0,93.86047316200339,122.08576382316069,3.3752723282826054,0.123,0.16650850512191218,0.12472767171739463,0.23195519842760373,0.6461913752669105,122.5,122.7319551984276,2023-04-05 14:39:04,2023-05-04 06:00:00,2023-05-04 11:34:00,Thursday,6
54,b,9,0,93.86047316200339,122.7319551984276,3.8744600257861066,0.041,0.10150482735850089,0.0,1.3906014174821681,1.5331062448406692,122.87446002578609,124.26506144326827,2023-04-05 14:39:04,2023-05-04 14:59:13,2023-05-06 00:21:41,Thursday,14
54,e,10,0,93.86047316200339,124.26506144326827,5.316526070332515,0.041,0.010464627064248075,2.1834739296674854,1.3041852958217064,3.5391238525534403,126.5,127.80418529582171,2023-04-05 14:39:04,2023-05-08 06:00:00,2023-05-09 13:18:01,Monday,6
55,d,1,0,94.0041206563894,94.0041206563894,3.0637424516754663,0.041,0.01862179528606861,0.4362575483245337,0.4909954099442399,0.9868747535548421,94.5,94.99099540994423,2023-04-05 18:05:56,2023-04-06 06:00:00,2023-04-06 17:47:02,Thursday,6
55,c,2,0,94.0041206563894,94.99099540994425,4.180236687527227,0.041,0.1482412775829864,0.319763312472773,5.609845540618193,6.118850130673952,95.5,101.1098455406182,2023-04-05 18:05:56,2023-04-07 06:00:00,2023-04-12 20:38:10,Friday,6
55,c,3,0,94.0041206563894,101.1098455406182,3.374468252728562,0.082,0.1826227121103643,0.12553174727143812,8.401394757055476,8.791549216437279,101.49999999999999,109.90139475705546,2023-04-05 18:05:56,2023-04-13 05:59:59,2023-04-21 15:38:00,Thursday,5
56,d,1,0,94.10289724440815,94.10289724440815,3.3685597341834352,0.123,0.14266248977528126,0.13144026581656476,1.8598340895082843,2.2569368451001304,94.5,96.35983408950828,2023-04-05 20:28:10,2023-04-06 06:00:00,2023-04-08 02:38:09,Thursday,6
56,b,2,0,94.10289724440815,96.35983408950828,5.468596678982664,0.082,0.02676258947437566,2.0314033210173363,0.10439748194348011,2.244563392435192,98.49999999999999,98.60439748194347,2023-04-05 20:28:10,2023-04-10 05:59:59,2023-04-10 08:30:19,Monday,5
56,d,3,0,94.10289724440815,98.60439748194348,0.7493360092170605,0.082,0.06293852727357539,0.0,7.611783479411979,7.756722006685555,98.74933600921705,106.36111948862903,2023-04-05 20:28:10,2023-04-10 11:59:02,2023-04-18 02:40:00,Monday,11
56,e,4,0,94.10289724440815,106.36111948862903,1.4308572581249308,0.041,0.02873776949589822,0.06914274187506919,0.15324196262722464,0.292122473998192,106.5,106.65324196262722,2023-04-05 20:28:10,2023-04-18 06:00:00,2023-04-18 09:40:40,Tuesday,6
56,f,5,0,94.10289724440815,106.65324196262722,2.0591400901512316,0.041,0.36489812752401024,0.44085990984876844,0.3185161356356153,1.165274173008394,107.5,107.81851613563562,2023-04-05 20:28:10,2023-04-19 06:00:00,2023-04-19 13:38:39,Wednesday,6
56,b,6,0,94.10289724440815,107.81851613563562,2.9059117544627497,0.082,0.005395618827131868,0.0,1.6305425566135627,1.7179381754406946,107.90591175446275,109.53645431107631,2023-04-05 20:28:10,2023-04-19 15:44:30,2023-04-21 06:52:29,Wednesday,15
56,f,7,0,94.10289724440815,109.53645431107631,4.577114151812111,0.0,0.0406598407357999,0.0,5.091676145619242,5.1323359863550415,109.57711415181211,114.66879029743136,2023-04-05 20:28:10,2023-04-21 07:51:02,2023-04-26 10:03:03,Friday,7
56,d,8,0,94.10289724440815,114.66879029743136,2.8139893487498284,0.041,0.10419905131847303,0.0,16.263840956420452,16.409040007738927,114.81398934874983,131.07783030517027,2023-04-05 20:28:10,2023-04-26 13:32:08,2023-05-12 19:52:04,Wednesday,13
56,f,9,0,94.10289724440815,131.0778303051703,5.250467259228429,0.041,0.1316369540581352,2.2495327407715706,0.23211459383155172,2.6542842886612577,133.5,133.73211459383154,2023-04-05 20:28:10,2023-05-15 06:00:00,2023-05-15 11:34:14,Monday,6
56,e,10,0,94.10289724440815,133.73211459383154,0.8626071206361701,0.041,0.08949252680464263,0.0,1.4850655630744383,1.615558089879081,133.86260712063617,135.3476726837106,2023-04-05 20:28:10,2023-05-15 14:42:09,2023-05-17 02:20:38,Monday,14
56,c,11,0,94.10289724440815,135.3476726837106,2.441445396960802,0.082,0.011772713250182006,0.05855460303919813,3.0820235290731146,3.2343508453624947,135.5,138.58202352907313,2023-04-05 20:28:10,2023-05-17 06:00:00,2023-05-20 07:58:06,Wednesday,6
56,f,12,0,94.10289724440815,138.5820235290731,5.760176549201674,0.082,0.0961530201285727,1.7398234507983261,0.4708858202606002,2.388862291187499,140.5,140.9708858202606,2023-04-05 20:28:10,2023-05-22 06:00:00,2023-05-22 17:18:04,Monday,6
56,f,13,0,94.10289724440815,140.9708858202606,1.172267564313728,0.123,0.07838174405312634,0.3277324356862721,0.5831781925521943,1.1122923722915927,141.5,142.0831781925522,2023-04-05 20:28:10,2023-05-23 06:00:00,2023-05-23 19:59:46,Tuesday,6
56,e,14,0,94.10289724440815,142.0831781925522,2.188678072149031,0.082,0.023499879596841827,0.3113219278509689,4.104990664250796,4.521812471698606,142.5,146.6049906642508,2023-04-05 20:28:10,2023-05-24 06:00:00,2023-05-28 08:31:11,Wednesday,6
57,e,1,0,94.11561254648542,94.11561254648542,3.4338135287131877,0.082,0.2362009822277642,0.06618647128681232,0.6235660497589203,1.0079535032734968,94.5,95.12356604975892,2023-04-05 20:46:28,2023-04-06 06:00:00,2023-04-06 20:57:56,Thursday,6
57,c,2,0,94.11561254648542,95.12356604975892,4.280861464239436,0.082,0.07529541448051075,0.21913853576056397,0.6829402271645165,1.0593741774055911,95.49999999999999,96.18294022716451,2023-04-05 20:46:28,2023-04-07 05:59:59,2023-04-07 22:23:26,Friday,5
57,c,3,0,94.11561254648542,96.18294022716451,5.327340766769211,0.041,0.10340053960470999,2.172659233230789,1.199720792888808,3.5167805657243068,98.5,99.69972079288881,2023-04-05 20:46:28,2023-04-10 06:00:00,2023-04-11 10:47:35,Monday,6
58,e,1,0,97.73766106341095,97.73766106341095,6.944036430941978,0.123,0.08337536753102097,0.5559635690580222,1.7747109440500042,2.5370498806390476,98.5,100.27471094405,2023-04-09 11:42:13,2023-04-10 06:00:00,2023-04-12 00:35:35,Monday,6
58,c,2,0,97.73766106341095,100.27471094405,2.419164130144651,0.041,0.10345318609464445,0.08083586985534907,3.306723382747178,3.5320124386971714,100.49999999999999,103.80672338274717,2023-04-09 11:42:13,2023-04-12 05:59:59,2023-04-15 13:21:40,Wednesday,5
58,d,3,0,97.73766106341095,103.80672338274717,6.065530314257046,0.082,0.17680693150988278,1.434469685742954,1.7644497061407312,3.457726323393568,105.5,107.26444970614074,2023-04-09 11:42:13,2023-04-17 06:00:00,2023-04-19 00:20:48,Monday,6
58,b,4,0,97.73766106341095,107.26444970614074,2.369942273035278,0.082,0.023492566894533693,0.13005772696472206,2.8401864678523014,3.075736761711557,107.49999999999999,110.34018646785229,2023-04-09 11:42:13,2023-04-19 05:59:59,2023-04-22 02:09:52,Wednesday,5
58,f,5,0,97.73766106341095,110.34018646785229,5.458443814561704,0.082,0.03625734670941563,2.0415561854382958,7.5012915996719824,9.661105131819694,112.5,120.00129159967199,2023-04-09 11:42:13,2023-04-24 06:00:00,2023-05-01 18:01:51,Monday,6
58,f,6,0,97.73766106341095,120.00129159967199,1.0151483337379545,0.0,0.013856734065971042,0.48485166626204546,1.0482243937153999,1.5469327940434163,120.5,121.5482243937154,2023-04-09 11:42:13,2023-05-02 06:00:00,2023-05-03 07:09:26,Tuesday,6
58,b,7,0,97.73766106341095,121.5482243937154,2.5896267986701957,0.041,0.00040240495479959483,0.0,4.51718602499796,4.558588429952759,121.5896267986702,126.10681282366815,2023-04-09 11:42:13,2023-05-03 08:09:03,2023-05-07 20:33:48,Wednesday,8
58,b,8,0,97.73766106341095,126.10681282366816,0.25680206470832445,0.082,0.0679892410401662,0.24319793529167555,1.7264419119912542,2.119629088323096,126.5,128.22644191199126,2023-04-09 11:42:13,2023-05-08 06:00:00,2023-05-09 23:26:04,Monday,6
58,e,9,0,97.73766106341095,128.22644191199126,2.329106538939925,0.041,0.06166462694867189,0.17089346106007497,5.308406290040491,5.581964378049237,128.5,133.8084062900405,2023-04-09 11:42:13,2023-05-10 06:00:00,2023-05-15 13:24:06,Wednesday,6
58,b,10,0,97.73766106341095,133.8084062900405,0.8798969981414189,0.041,0.030490708100913335,0.0,4.076263743584853,4.147754451685767,133.8798969981414,137.95616074172625,2023-04-09 11:42:13,2023-05-15 15:07:03,2023-05-19 16:56:52,Monday,15
58,e,11,0,97.73766106341095,137.95616074172625,5.21875670307557,0.123,0.13959596134933092,2.28124329692443,0.004605537837258953,2.5484447961110197,140.5,140.50460553783725,2023-04-09 11:42:13,2023-05-22 06:00:00,2023-05-22 06:06:37,Monday,6
58,d,12,0,97.73766106341095,140.50460553783728,0.7695802449730991,0.0,0.26497470713581417,0.0,2.2014084823442523,2.4663831894800667,140.7695802449731,142.97098872731735,2023-04-09 11:42:13,2023-05-22 12:28:11,2023-05-24 17:18:13,Monday,12
58,e,13,0,97.73766106341095,142.97098872731735,2.983193709020128,0.0,0.01220498170276608,0.0,0.10724261225204798,0.11944759395481407,142.98319370902013,143.09043632127216,2023-04-09 11:42:13,2023-05-24 17:35:47,2023-05-24 20:10:13,Wednesday,17
59,f,1,0,100.83549958624384,100.83549958624384,2.9349425614479117,0.082,0.01744297520407059,0.0,6.31940534742744,6.4188483226315105,100.93494256144791,107.25434790887535,2023-04-12 14:03:07,2023-04-12 16:26:19,2023-04-19 00:06:15,Wednesday,16
59,d,2,0,100.83549958624384,107.25434790887535,2.6606166865188214,0.082,0.32426877764347867,0.0,1.2759492092718743,1.682217986915353,107.66061668651882,108.9365658957907,2023-04-12 14:03:07,2023-04-19 09:51:17,2023-04-20 16:28:39,Wednesday,9
59,e,3,0,100.83549958624384,108.9365658957907,4.066178500112102,0.082,0.047612604321407216,0.4338214998878982,0.92581132027419,1.4892454244834954,109.49999999999999,110.42581132027418,2023-04-12 14:03:07,2023-04-21 05:59:59,2023-04-22 04:13:10,Friday,5
60,c,1,0,104.08989731392917,104.08989731392917,6.136133092381755,0.041,0.0052357784525830075,1.3638669076182452,1.902414229550643,3.3125169156214715,105.5,107.40241422955064,2023-04-15 20:09:27,2023-04-17 06:00:00,2023-04-19 03:39:28,Monday,6
60,c,2,0,104.08989731392917,107.40241422955064,2.4416256310197184,0.0,0.03921140146907975,0.05837436898028159,0.17813810585930218,0.2757238763086635,107.5,107.6781381058593,2023-04-15 20:09:27,2023-04-19 06:00:00,2023-04-19 10:16:31,Wednesday,6
60,b,3,0,104.08989731392917,107.6781381058593,2.785846119941368,0.082,0.025708014082069824,0.0,1.7050463312016282,1.812754345283698,107.78584611994137,109.490892451143,2023-04-15 20:09:27,2023-04-19 12:51:37,2023-04-21 05:46:53,Wednesday,12
60,d,4,0,104.08989731392917,109.490892451143,4.546632156989588,0.041,0.01473970584658624,0.0,0.04025942070536028,0.09599912655194653,109.54663215698957,109.58689157769493,2023-04-15 20:09:27,2023-04-21 07:07:09,2023-04-21 08:05:07,Friday,7
60,e,5,0,104.08989731392917,109.58689157769494,4.709514663299686,0.082,0.04062308560474365,0.0,3.351669780538347,3.4742928661430907,109.70951466329969,113.06118444383803,2023-04-15 20:09:27,2023-04-21 11:01:42,2023-04-24 19:28:06,Friday,11
60,b,6,0,104.08989731392917,113.06118444383803,1.2664867703669813,0.123,0.08230232652895218,0.23351322963301868,3.1294071724317547,3.5682227285937254,113.5,116.62940717243175,2023-04-15 20:09:27,2023-04-25 06:00:00,2023-04-28 09:06:20,Tuesday,6
60,b,7,0,104.08989731392917,116.62940717243175,5.046950106001759,0.123,0.2945429335700094,2.453049893998241,0.5444507095362582,3.4150435371045083,119.50000000000001,120.04445070953628,2023-04-15 20:09:27,2023-05-01 06:00:00,2023-05-01 19:04:00,Monday,6
60,e,8,0,104.08989731392917,120.04445070953626,1.1083136076209001,0.041,0.02286289808463132,0.39168639237909986,3.1968615041216473,3.6524107945853785,120.49999999999999,123.69686150412163,2023-04-15 20:09:27,2023-05-02 05:59:59,2023-05-05 10:43:28,Tuesday,5
60,d,9,0,104.08989731392917,123.69686150412164,4.849161957690185,0.041,0.11130045356854412,0.0,0.5408058089800796,0.6931062625486237,123.84916195769019,124.38996776667027,2023-04-15 20:09:27,2023-05-05 14:22:47,2023-05-06 03:21:33,Friday,14
60,b,10,0,104.08989731392917,124.38996776667027,5.479800568767004,0.041,0.048832802096732866,2.020199431232996,0.5105838603262396,2.6206160936559684,126.49999999999999,127.01058386032622,2023-04-15 20:09:27,2023-05-08 06:00:00,2023-05-08 18:15:14,Monday,6
60,c,11,0,104.08989731392917,127.01058386032624,1.115709915218659,0.082,0.023126054892422407,0.3842900847813411,1.359870220168029,1.8492863598417926,127.49999999999999,128.859870220168,2023-04-15 20:09:27,2023-05-09 06:00:00,2023-05-10 14:38:12,Tuesday,6
61,d,1,0,105.45765633093038,105.45765633093038,0.6239439884971176,0.0,0.16628765756673958,0.0,2.24586039146423,2.4121480490309697,105.62394398849712,107.86980437996135,2023-04-17 04:59:01,2023-04-17 08:58:28,2023-04-19 14:52:31,Monday,8
61,f,2,0,105.45765633093038,107.86980437996135,2.9488315463710677,0.0,0.07902716640971733,0.0,0.01615778897800309,0.09518495538772041,107.94883154637107,107.96498933534907,2023-04-17 04:59:01,2023-04-19 16:46:19,2023-04-19 17:09:35,Wednesday,16
61,f,3,0,105.45765633093038,107.96498933534907,3.0606982437140147,0.041,0.05470890836493852,0.43930175628598533,0.9759582711037691,1.510968935754693,108.5,109.47595827110376,2023-04-17 04:59:01,2023-04-20 06:00:00,2023-04-21 05:25:22,Thursday,6
61,e,4,0,105.45765633093038,109.47595827110376,4.612948016269328,0.123,0.013989745165558246,0.0,2.0340681122483444,2.171057857413903,109.61294801626933,111.64701612851768,2023-04-17 04:59:01,2023-04-21 08:42:38,2023-04-23 09:31:42,Friday,8
61,b,5,0,105.45765633093038,111.64701612851766,6.670720070855893,0.0,0.023703942338226522,0.8292799291441071,0.02549528825032818,0.8784791597326618,112.5,112.52549528825033,2023-04-17 04:59:01,2023-04-24 06:00:00,2023-04-24 06:36:42,Monday,6
61,e,6,0,105.45765633093038,112.52549528825033,0.7678822065949333,0.082,0.16038691834460733,0.0,3.202058634123036,3.444445552467643,112.76788220659493,115.96994084071797,2023-04-17 04:59:01,2023-04-24 12:25:45,2023-04-27 17:16:42,Monday,12
61,c,7,0,105.45765633093038,115.96994084071797,4.091903437810586,0.041,0.08096259709262159,0.4080965621894137,1.5038446139542605,2.033903773236296,116.5,118.00384461395426,2023-04-17 04:59:01,2023-04-28 06:00:00,2023-04-29 18:05:32,Friday,6
61,c,8,0,105.45765633093038,118.00384461395426,6.068736503260126,0.041,0.023891889305874603,1.4312634967398736,2.8487945788442226,4.34494996488997,119.5,122.34879457884422,2023-04-17 04:59:01,2023-05-01 06:00:00,2023-05-04 02:22:15,Monday,6
61,f,9,0,105.45765633093038,122.34879457884423,3.531625681362925,0.082,0.1008311025186875,0.0,0.8238502547570458,1.0066813572757334,122.53162568136291,123.35547593611996,2023-04-17 04:59:01,2023-05-04 06:45:32,2023-05-05 02:31:53,Thursday,6
61,e,10,0,105.45765633093038,123.35547593611997,4.410859807823499,0.041,0.014383871703527782,0.08914019217650093,6.120417307146881,6.26494137102691,123.5,129.62041730714688,2023-04-17 04:59:01,2023-05-05 06:00:00,2023-05-11 08:53:24,Friday,6
61,b,11,0,105.45765633093038,129.62041730714688,3.957696402577085,0.123,0.21427909543020798,0.0,3.670728224637949,4.008007320068157,129.95769640257708,133.62842462721503,2023-04-17 04:59:01,2023-05-11 16:59:04,2023-05-15 09:04:55,Thursday,16
62,c,1,0,105.66925994626565,105.66925994626565,0.8502212279207555,0.041,0.13996128165510277,0.0,5.89104591649936,6.072007198154463,105.85022122792076,111.74126714442012,2023-04-17 10:03:44,2023-04-17 14:24:19,2023-04-23 11:47:25,Monday,14
62,d,2,0,105.66925994626565,111.74126714442012,6.789310405221599,0.041,0.007043260801473199,0.7106895947784011,0.5709823267863947,1.329715182366269,112.49999999999999,113.07098232678638,2023-04-17 10:03:44,2023-04-24 05:59:59,2023-04-24 19:42:12,Monday,5
62,c,3,0,105.66925994626565,113.07098232678639,1.1627192451289403,0.041,0.05073691834254865,0.3372807548710597,0.9061324851352855,1.3351501583488938,113.5,114.40613248513529,2023-04-17 10:03:44,2023-04-25 06:00:00,2023-04-26 03:44:49,Tuesday,6
62,d,4,0,105.66925994626565,114.40613248513529,2.7559375978271987,0.082,0.267805112691914,0.0,0.10674247200695888,0.4565475846988729,114.7559375978272,114.86268006983416,2023-04-17 10:03:44,2023-04-26 12:08:33,2023-04-26 14:42:15,Wednesday,12
62,d,5,0,105.66925994626565,114.86268006983416,3.016409459433987,0.082,0.07172938959983026,0.4835905405660128,11.226585270625066,11.863905200790908,115.49999999999999,126.72658527062505,2023-04-17 10:03:44,2023-04-27 05:59:59,2023-05-08 11:26:16,Thursday,5
63,c,1,0,106.22016388368185,106.22016388368185,1.3117046105166281,0.041,0.05054072683477326,0.18829538948337188,0.7307689398748103,1.0106050561929554,106.49999999999999,107.23076893987479,2023-04-17 23:17:02,2023-04-18 05:59:59,2023-04-18 23:32:18,Tuesday,5
63,f,2,0,106.22016388368185,107.2307689398748,2.3582552453027006,0.123,0.004486305427898988,0.1417447546972994,0.05746054851009014,0.3266916086352885,107.50000000000001,107.55746054851011,2023-04-17 23:17:02,2023-04-19 06:00:00,2023-04-19 07:22:44,Wednesday,6
63,e,3,0,106.22016388368185,107.5574605485101,2.7262173429329977,0.082,0.08675679442289859,0.0,0.5518990888148623,0.7206558832377609,107.72621734293298,108.27811643174785,2023-04-17 23:17:02,2023-04-19 11:25:45,2023-04-20 00:40:29,Wednesday,11
64,e,1,0,108.25114635217732,108.25114635217732,3.4083600327154926,0.123,0.03421368053818352,0.0916399672845074,1.7176091782631369,1.9664628260858277,108.50000000000001,110.21760917826315,2023-04-20 00:01:39,2023-04-20 06:00:00,2023-04-21 23:13:21,Thursday,6
64,c,2,0,108.25114635217732,110.21760917826315,5.655991704669802,0.041,0.39738252640664884,1.8440082953301982,0.051031931295018235,2.333422753031865,112.49999999999999,112.551031931295,2023-04-20 00:01:39,2023-04-24 05:59:59,2023-04-24 07:13:29,Monday,5
64,e,3,0,108.25114635217732,112.55103193129501,0.659147501193317,0.041,0.06711556989830192,0.0,7.466565726536341,7.574681296434643,112.65914750119332,120.12571322772966,2023-04-20 00:01:39,2023-04-24 09:49:10,2023-05-01 21:01:01,Monday,9
64,b,4,0,108.25114635217732,120.12571322772966,1.24095916154414,0.082,0.033245933814480204,0.25904083845586,1.1126364128247208,1.486923185095061,120.5,121.61263641282473,2023-04-20 00:01:39,2023-05-02 06:00:00,2023-05-03 08:42:11,Tuesday,6
65,e,1,0,109.89497919127277,109.89497919127277,5.070559966697203,0.082,0.0935807754244419,2.4294400333027966,0.22873854630370016,2.8337593550309386,112.5,112.7287385463037,2023-04-21 15:28:46,2023-04-24 06:00:00,2023-04-24 11:29:23,Monday,6
65,e,2,0,109.89497919127277,112.7287385463037,0.8654882394681493,0.041,0.09574969316444872,0.0,0.3481515835458259,0.4849012767102746,112.86548823946815,113.21363982301398,2023-04-21 15:28:46,2023-04-24 14:46:18,2023-04-24 23:07:38,Monday,14
65,e,3,0,109.89497919127277,113.21363982301398,1.3732464258752088,0.041,0.11860660286123328,0.12675357412479116,1.4866937380645462,1.7730539150505706,113.5,114.98669373806455,2023-04-21 15:28:46,2023-04-25 06:00:00,2023-04-26 17:40:50,Tuesday,6
65,e,4,0,109.89497919127277,114.98669373806455,3.2742400697826213,0.041,0.24654633171806914,0.22575993021737872,2.5022084558389266,3.0155147177743746,115.49999999999999,118.00220845583891,2023-04-21 15:28:46,2023-04-27 05:59:59,2023-04-29 18:03:10,Thursday,5
65,c,5,0,109.89497919127277,118.00220845583893,6.124984542379693,0.0,0.12277608654076838,1.3750154576203073,0.279717087911436,1.7775086320725118,119.5,119.77971708791144,2023-04-21 15:28:46,2023-05-01 06:00:00,2023-05-01 12:42:47,Monday,6
65,d,6,0,109.89497919127277,119.77971708791144,0.819433982772722,0.0,0.03971689486129139,0.0,1.157755125809518,1.1974720206708094,119.81943398277272,120.97718910858224,2023-04-21 15:28:46,2023-05-01 13:39:59,2023-05-02 17:27:09,Monday,13
65,e,7,0,109.89497919127277,120.97718910858225,2.129948333372866,0.082,0.0707592247906111,0.37005166662713407,8.865025022632304,9.387835914050049,121.49999999999999,130.3650250226323,2023-04-21 15:28:46,2023-05-03 05:59:59,2023-05-12 02:45:38,Wednesday,5
65,d,8,0,109.89497919127277,130.3650250226323,4.440004348786317,0.041,0.03397932615403211,0.05999565121368278,5.62732916169965,5.762304139067364,130.5,136.12732916169966,2023-04-21 15:28:46,2023-05-12 06:00:00,2023-05-17 21:03:21,Friday,6
65,d,9,0,109.89497919127277,136.12732916169966,3.232488842447566,0.041,0.06415968074790461,0.26751115755243404,0.9397351459897604,1.312405984290099,136.5,137.43973514598977,2023-04-21 15:28:46,2023-05-18 06:00:00,2023-05-19 04:33:13,Thursday,6
65,c,10,0,109.89497919127277,137.43973514598977,4.489822847745529,0.041,0.009087701755749708,0.010177152254470911,0.3512539817743915,0.4115188357846121,137.5,137.8512539817744,2023-04-21 15:28:46,2023-05-19 06:00:00,2023-05-19 14:25:48,Friday,6
65,d,11,0,109.89497919127277,137.8512539817744,5.064819624361405,0.082,0.1315656425870145,2.435180375638595,0.22708337945558155,2.875829397681191,140.5,140.7270833794556,2023-04-21 15:28:46,2023-05-22 06:00:00,2023-05-22 11:27:00,Monday,6
66,f,1,0,111.4994275722807,111.4994275722807,6.6217909271548905,0.041,0.08136335487420271,0.8782090728451095,12.996270967202253,13.996843394921566,112.5,125.49627096720225,2023-04-23 05:59:10,2023-04-24 06:00:00,2023-05-07 05:54:37,Monday,6
66,f,2,0,111.4994275722807,125.49627096720226,6.624117608868801,0.123,0.004846641666538521,0.8758823911311993,0.015525213722707978,1.0192542465204457,126.5,126.51552521372271,2023-04-23 05:59:10,2023-05-08 06:00:00,2023-05-08 06:22:21,Monday,6
66,b,3,0,111.4994275722807,126.51552521372271,0.6103389765562213,0.082,0.012813762833510173,0.0,10.731447395752314,10.826261158585824,126.61033897655622,137.34178637230855,2023-04-23 05:59:10,2023-05-08 08:38:53,2023-05-19 02:12:10,Monday,8
66,d,4,0,111.4994275722807,137.34178637230855,4.526163755936892,0.082,0.10237738362834106,0.0,0.21314173027468383,0.39751911390302486,137.5261637559369,137.73930548621158,2023-04-23 05:59:10,2023-05-19 06:37:40,2023-05-19 11:44:35,Friday,6
66,f,5,0,111.4994275722807,137.73930548621158,4.983074790383739,0.082,0.16176930417216923,0.0,0.02693524081647443,0.27070454498864366,137.98307479038374,138.0100100312002,2023-04-23 05:59:10,2023-05-19 17:35:37,2023-05-19 18:14:24,Friday,17
66,d,6,0,111.4994275722807,138.0100100312002,5.1392599991938255,0.082,0.04724996799360957,2.3607400008061745,0.4316775924607018,2.921667561260486,140.5,140.93167759246072,2023-04-23 05:59:10,2023-05-22 06:00:00,2023-05-22 16:21:36,Monday,6
67,d,1,0,113.54187899586341,113.54187899586341,1.6034646859918666,0.041,0.020585690128450546,0.0,0.2703737637264695,0.33195945385492004,113.60346468599187,113.87383844971833,2023-04-25 07:00:18,2023-04-25 08:28:59,2023-04-25 14:58:19,Tuesday,8
68,d,1,0,113.95007366695607,113.95007366695607,2.108630764596981,0.082,0.07655709764091465,0.39136923540301893,0.1555637459768902,0.7054900790208238,114.5,114.65556374597689,2023-04-25 16:48:06,2023-04-26 06:00:00,2023-04-26 09:44:00,Wednesday,6
68,b,2,0,113.95007366695607,114.65556374597689,2.799662928604775,0.082,0.06209918262788077,0.0,0.021144430503697072,0.16524361313157784,114.79966292860476,114.82080735910846,2023-04-25 16:48:06,2023-04-26 13:11:30,2023-04-26 13:41:57,Wednesday,13
68,f,3,0,113.95007366695607,114.82080735910847,2.893455469109554,0.0,0.0726481100010822,0.0,0.7915081818873259,0.864156291888408,114.89345546910955,115.68496365099688,2023-04-25 16:48:06,2023-04-26 15:26:34,2023-04-27 10:26:20,Wednesday,15
68,f,4,0,113.95007366695607,115.68496365099688,3.999797182923288,0.082,0.2328335319264123,0.0,0.47821592142034197,0.7930494533467543,115.99979718292329,116.47801310434363,2023-04-25 16:48:06,2023-04-27 17:59:42,2023-04-28 05:28:20,Thursday,17
68,c,5,0,113.95007366695607,116.47801310434363,4.602894832486783,0.082,0.04288172814314897,0.0,1.168643380193417,1.293525108336566,116.60289483248677,117.77153821268018,2023-04-25 16:48:06,2023-04-28 08:28:10,2023-04-29 12:31:00,Friday,8
69,b,1,0,114.05782225187171,114.05782225187171,2.286942765820541,0.041,0.18812051394882606,0.213057234179459,0.39712862644183694,0.8393063745701219,114.5,114.89712862644184,2023-04-25 19:23:15,2023-04-26 06:00:00,2023-04-26 15:31:51,Wednesday,6
69,e,2,0,114.05782225187171,114.89712862644184,3.055406205733405,0.082,0.07627757929156263,0.44459379426659495,1.166520660018823,1.7693920335769806,115.49999999999999,116.6665206600188,2023-04-25 19:23:15,2023-04-27 05:59:59,2023-04-28 09:59:47,Thursday,5
69,c,3,0,114.05782225187171,116.66652066001882,4.895217515606916,0.082,0.14669685558809165,0.0,0.1473555359659002,0.37605239155399184,116.8952175156069,117.0425730515728,2023-04-25 19:23:15,2023-04-28 15:29:06,2023-04-28 19:01:18,Friday,15
69,d,4,0,114.05782225187171,117.04257305157282,5.103985872948101,0.0,0.06141282137528734,2.396014127051899,0.2523027776767186,2.7097297261039044,119.5,119.75230277767672,2023-04-25 19:23:15,2023-05-01 06:00:00,2023-05-01 12:03:18,Monday,6
70,e,1,0,115.202814072084,115.202814072084,3.302731835727897,0.041,0.05891776364389907,0.1972681642721028,2.572962602902711,2.870148530818713,115.5,118.0729626029027,2023-04-26 22:52:03,2023-04-27 06:00:00,2023-04-29 19:45:03,Thursday,6
70,b,2,0,115.202814072084,118.0729626029027,6.3979667786213525,0.041,0.28400417571864195,1.1020332213786475,0.1704421645586045,1.5974795616558939,119.49999999999999,119.6704421645586,2023-04-26 22:52:03,2023-05-01 05:59:59,2023-05-01 10:05:26,Monday,5
70,c,3,0,115.202814072084,119.6704421645586,0.8236885691318037,0.041,0.11224640457320548,0.0,0.01795658886886561,0.1712029934420711,119.82368856913179,119.84164515800066,2023-04-26 22:52:03,2023-05-01 13:46:06,2023-05-01 14:11:58,Monday,13
70,c,4,0,115.202814072084,119.84164515800066,0.9710767690809234,0.123,0.00643161108026323,0.0,5.816721701406604,5.946153312486867,119.97107676908092,125.78779847048753,2023-04-26 22:52:03,2023-05-01 17:18:21,2023-05-07 12:54:25,Monday,17
70,e,5,0,115.202814072084,125.78779847048753,6.838424545331819,0.041,0.009626074844287682,0.6615754546681814,4.760252429594762,5.472453959107231,126.5,131.26025242959477,2023-04-26 22:52:03,2023-05-08 06:00:00,2023-05-13 00:14:45,Monday,6
70,b,6,0,115.202814072084,131.26025242959477,5.332425972114294,0.041,0.031173542519526046,2.1675740278857063,0.19275959440398396,2.4325071648092162,133.5,133.69275959440398,2023-04-26 22:52:03,2023-05-15 06:00:00,2023-05-15 10:37:34,Monday,6
71,c,1,0,116.72151929762153,116.72151929762153,5.024979937559493,0.123,0.18046063993797257,2.4750200624405068,0.5673600378236853,3.345840740202165,119.50000000000001,120.0673600378237,2023-04-28 11:18:59,2023-05-01 06:00:00,2023-05-01 19:36:59,Monday,6
71,d,2,0,116.72151929762153,120.06736003782369,1.1602034004621942,0.0,0.09284336263849957,0.33979659953780583,0.18260584330474547,0.6152458054810509,120.5,120.68260584330474,2023-04-28 11:18:59,2023-05-02 06:00:00,2023-05-02 10:22:57,Tuesday,6
71,b,3,0,116.72151929762153,120.68260584330474,1.8365373677571881,0.041,0.11293152445244242,0.0,0.007792484932559828,0.16172400938500225,120.83653736775719,120.84432985268975,2023-04-28 11:18:59,2023-05-02 14:04:36,2023-05-02 14:15:50,Tuesday,14
71,f,4,0,116.72151929762153,120.84432985268974,1.928166872789049,0.082,0.0018370200993051086,0.0,0.9416890786620526,1.0255260987613577,120.92816687278903,121.86985595145109,2023-04-28 11:18:59,2023-05-02 16:16:33,2023-05-03 14:52:35,Tuesday,16
72,e,1,0,117.07595567744265,117.07595567744265,5.35633831749972,0.082,0.1983826400570674,2.14366168250028,0.5436656741789124,2.96770999673626,119.49999999999999,120.0436656741789,2023-04-28 19:49:22,2023-05-01 05:59:59,2023-05-01 19:02:52,Monday,5
72,b,2,0,117.07595567744265,120.04366567417891,1.2661745949180983,0.041,0.18150892073919245,0.23382540508190175,0.2557356201478647,0.712069945968959,120.5,120.75573562014786,2023-04-28 19:49:22,2023-05-02 06:00:00,2023-05-02 12:08:15,Tuesday,6
72,c,3,0,117.07595567744265,120.75573562014787,1.8537956804822073,0.082,0.016060060334335435,0.0,0.19471729412906294,0.29277735446339836,120.85379568048221,121.04851297461127,2023-04-28 19:49:22,2023-05-02 14:29:27,2023-05-02 19:09:51,Tuesday,14
72,d,4,0,117.07595567744265,121.04851297461127,2.828975845294323,0.082,0.6984628706830511,0.0,0.002780782506677159,0.7832436531897282,121.82897584529431,121.83175662780098,2023-04-28 19:49:22,2023-05-03 13:53:43,2023-05-03 13:57:43,Wednesday,13
72,d,5,0,117.07595567744265,121.831756627801,2.9629282037648323,0.041,0.09017157596382723,0.0,3.628148388349427,3.7593199643132547,121.96292820376482,125.59107659211425,2023-04-28 19:49:22,2023-05-03 17:06:36,2023-05-07 08:11:09,Wednesday,17
72,d,6,0,117.07595567744265,125.59107659211425,6.9940039304376,0.082,0.32092733832334996,0.5059960695624,0.3024387319850551,1.211362139870805,126.49999999999999,126.80243873198503,2023-04-28 19:49:22,2023-05-08 06:00:00,2023-05-08 13:15:30,Monday,6
72,e,7,0,117.07595567744265,126.80243873198505,0.8536788364934296,0.041,0.010240104508377862,0.0,2.7473663875538517,2.7986064920622296,126.85367883649343,129.60104522404728,2023-04-28 19:49:22,2023-05-08 14:29:17,2023-05-11 08:25:30,Monday,14
72,d,8,0,117.07595567744265,129.60104522404728,3.677567530540955,0.041,0.03552230649367186,0.0,7.641492281450041,7.7180145879437125,129.67756753054095,137.319059811991,2023-04-28 19:49:22,2023-05-11 10:15:41,2023-05-19 01:39:26,Thursday,10
72,b,9,0,117.07595567744265,137.319059811991,4.325638227704928,0.0,0.006578415713927081,0.17436177229507166,7.567260668116516,7.748200856125515,137.5,145.06726066811652,2023-04-28 19:49:22,2023-05-19 06:00:00,2023-05-26 19:36:51,Friday,6
72,d,10,0,117.07595567744265,145.06726066811652,5.14863999873964,0.041,0.0403793306231201,2.3513600012603604,1.0188368302007178,3.4515761620841983,147.5,148.5188368302007,2023-04-28 19:49:22,2023-05-29 06:00:00,2023-05-30 06:27:07,Monday,6
72,d,11,0,117.07595567744265,148.5188368302007,1.7856781359696754,0.0,0.2668413057689614,0.0,11.60949619266514,11.876337498434102,148.78567813596968,160.39517432863482,2023-04-28 19:49:22,2023-05-30 12:51:22,2023-06-11 03:29:03,Tuesday,12
73,d,1,0,118.08939820798784,118.08939820798784,6.175216950426773,0.041,0.04481874243893557,1.3247830495732273,0.5634696553385455,1.9740714473507084,119.5,120.06346965533855,2023-04-29 20:08:44,2023-05-01 06:00:00,2023-05-01 19:31:23,Monday,6
73,d,2,0,118.08939820798784,120.06346965533855,1.1229971040316116,0.041,0.01852744869306139,0.37700289596838843,0.8956081891482214,1.3321385338096712,120.5,121.39560818914822,2023-04-29 20:08:44,2023-05-02 06:00:00,2023-05-03 03:29:40,Tuesday,6
74,d,1,0,121.38303245111449,121.38303245111449,2.6124000491847283,0.041,0.18836759807024608,0.0,0.896529040695646,1.1258966387658922,121.61240004918473,122.50892908988037,2023-05-03 03:11:34,2023-05-03 08:41:51,2023-05-04 06:12:51,Wednesday,8
74,c,2,0,121.38303245111449,122.50892908988038,3.611217148194342,0.041,0.06128805831395957,0.0,0.8884206323655189,0.9907086906794785,122.61121714819434,123.49963778055987,2023-05-03 03:11:34,2023-05-04 08:40:09,2023-05-05 05:59:28,Thursday,8
74,f,3,0,121.38303245111449,123.49963778055987,4.635182763335166,0.041,0.09454498277530701,0.0,0.7428288629157966,0.8783738456911037,123.63518276333517,124.37801162625097,2023-05-03 03:11:34,2023-05-05 09:14:39,2023-05-06 03:04:20,Friday,9
74,c,4,0,121.38303245111449,124.37801162625097,5.503126367194923,0.041,0.08411474094395954,1.9968736328050767,9.439557032191537,11.561545405940574,126.5,135.93955703219154,2023-05-03 03:11:34,2023-05-08 06:00:00,2023-05-17 16:32:57,Monday,6
74,e,5,0,121.38303245111449,135.93955703219154,3.2499582186798364,0.041,0.2694011864882889,0.25004178132016364,1.5480659230908729,2.1085088908993255,136.5,138.04806592309086,2023-05-03 03:11:34,2023-05-18 06:00:00,2023-05-19 19:09:12,Thursday,6
74,d,6,0,121.38303245111449,138.04806592309086,5.137066819419516,0.082,0.007000896328664111,2.362933180580484,0.42251242983859455,2.8744465067477427,140.5,140.9225124298386,2023-05-03 03:11:34,2023-05-22 06:00:00,2023-05-22 16:08:25,Monday,6
74,c,7,0,121.38303245111449,140.9225124298386,1.1717745136128883,0.041,0.20826208377427308,0.3282254863871117,0.44370288908523914,1.0211904592466239,141.5,141.94370288908524,2023-05-03 03:11:34,2023-05-23 06:00:00,2023-05-23 16:38:55,Tuesday,6
74,c,8,0,121.38303245111449,141.94370288908522,2.0065534674743333,0.0,0.06285057838911273,0.4934465325256667,9.215243812764719,9.771540923679499,142.5,151.71524381276473,2023-05-03 03:11:34,2023-05-24 06:00:00,2023-06-02 11:09:57,Wednesday,6
74,d,9,0,121.38303245111449,151.71524381276473,4.954800751645024,0.082,0.15755693888029793,0.0,12.090667673109829,12.330224611990127,151.95480075164502,164.04546842475486,2023-05-03 03:11:34,2023-06-02 16:54:54,2023-06-14 19:05:28,Friday,16
74,c,10,0,121.38303245111449,164.04546842475486,3.314714894080339,0.082,0.1872464693254943,0.18528510591966096,1.2258128605248952,1.6803444357700505,164.5,165.72581286052488,2023-05-03 03:11:34,2023-06-15 06:00:00,2023-06-16 11:25:10,Thursday,6
74,c,11,0,121.38303245111449,165.7258128605249,4.954441160968116,0.082,0.14662830044321856,0.0,1.1422619081512575,1.370890208594476,165.95444116096812,167.09670306911937,2023-05-03 03:11:34,2023-06-16 16:54:23,2023-06-17 20:19:15,Friday,16
74,e,12,0,121.38303245111449,167.0967030691194,6.252833610972431,0.041,0.1151305418530223,1.2471663890275693,4.242809909741309,5.646106840621901,168.5,172.7428099097413,2023-05-03 03:11:34,2023-06-19 06:00:00,2023-06-23 11:49:38,Monday,6
74,d,13,0,121.38303245111449,172.7428099097413,4.835690278855708,0.041,0.05188036911440885,0.0,0.5754272735215514,0.6683076426359603,172.8356902788557,173.41111755237725,2023-05-03 03:11:34,2023-06-23 14:03:23,2023-06-24 03:52:00,Friday,14
74,b,14,0,121.38303245111449,173.41111755237728,5.5369838137290515,0.082,0.043866261351788186,1.9630161862709485,10.560952194489202,12.649834642111939,175.5,186.0609521944892,2023-05-03 03:11:34,2023-06-26 06:00:00,2023-07-06 19:27:46,Monday,6
74,c,15,0,121.38303245111449,186.0609521944892,4.07164591381536,0.0,0.010693719326156884,0.42835408618464044,0.11649387424803741,0.5555416797588347,186.5,186.61649387424805,2023-05-03 03:11:34,2023-07-07 06:00:00,2023-07-07 08:47:45,Friday,6
74,d,16,0,121.38303245111449,186.61649387424805,4.724564947493974,0.082,0.026071073245925582,0.0,3.6034035895929883,3.711474662838914,186.72456494749397,190.32796853708697,2023-05-03 03:11:34,2023-07-07 11:23:22,2023-07-11 01:52:16,Friday,11
74,c,17,0,121.38303245111449,190.32796853708697,1.4660457184223787,0.082,0.05607718133541531,0.03395428157762126,8.360804548489707,8.532836011402743,190.5,198.8608045484897,2023-05-03 03:11:34,2023-07-11 06:00:00,2023-07-19 14:39:33,Tuesday,6
75,b,1,0,122.10880955575486,122.10880955575486,3.288675499642409,0.123,0.05686594388755373,0.2113245003575912,3.5773954669117063,3.9685859111568513,122.50000000000001,126.07739546691172,2023-05-03 20:36:41,2023-05-04 06:00:00,2023-05-07 19:51:26,Thursday,6
75,c,2,0,122.10880955575486,126.07739546691171,0.17402838356153438,0.082,0.014632916649827821,0.3259716164384656,5.551991056353519,5.974595589441813,126.5,132.05199105635353,2023-05-03 20:36:41,2023-05-08 06:00:00,2023-05-13 19:14:52,Monday,6
75,b,3,0,122.10880955575486,132.05199105635353,6.175184303947702,0.123,0.00019324759418162232,1.3248156960522977,1.0148129962007932,2.462821939847273,133.5,134.5148129962008,2023-05-03 20:36:41,2023-05-15 06:00:00,2023-05-16 06:21:19,Monday,6
75,c,4,0,122.10880955575486,134.5148129962008,1.8246474137950486,0.082,0.22783441759425782,0.0,0.49424293118295454,0.8040773487772124,134.82464741379505,135.318890344978,2023-05-03 20:36:41,2023-05-16 13:47:29,2023-05-17 01:39:12,Tuesday,13
75,b,5,0,122.10880955575486,135.318890344978,2.403012421963126,0.082,0.0021220769851226524,0.09698757803687386,4.93215575614542,5.113265411167417,135.5,140.43215575614542,2023-05-03 20:36:41,2023-05-17 06:00:00,2023-05-22 04:22:18,Wednesday,6
75,b,6,0,122.10880955575486,140.43215575614542,0.5931261070562925,0.082,0.07897035091087373,0.0,4.0642111384629676,4.225181489373841,140.5931261070563,144.65733724551927,2023-05-03 20:36:41,2023-05-22 08:14:06,2023-05-26 09:46:33,Monday,8
76,e,1,0,124.29324952569202,124.29324952569202,5.3484271810715,0.041,0.014177655379476975,2.1515728189285,0.02656210777846714,2.233312582086444,126.49999999999999,126.52656210777845,2023-05-06 01:02:16,2023-05-08 06:00:00,2023-05-08 06:38:14,Monday,6
76,f,2,0,124.29324952569202,126.52656210777846,0.6763004688292398,0.041,0.10873836105078134,0.0,0.02688115664466428,0.17661951769544562,126.67630046882924,126.7031816254739,2023-05-06 01:02:16,2023-05-08 10:13:52,2023-05-08 10:52:34,Monday,10
76,e,3,0,124.29324952569202,126.7031816254739,1.1028844664629105,0.0,0.39970284098901243,0.3971155335370895,16.55238978206752,17.349208156593622,127.5,144.0523897820675,2023-05-06 01:02:16,2023-05-09 06:00:00,2023-05-25 19:15:26,Tuesday,6
76,f,4,0,124.29324952569202,144.05238978206754,4.173540570865583,0.041,0.08015078879805071,0.3264594291344167,0.41673796087444903,0.8643481788069165,144.5,144.91673796087446,2023-05-06 01:02:16,2023-05-26 06:00:00,2023-05-26 16:00:06,Friday,6
76,e,5,0,124.29324952569202,144.91673796087446,5.036163632116143,0.082,0.03742567124169267,2.4638363678838573,1.9355529397082292,4.518814978833779,147.5,149.43555293970823,2023-05-06 01:02:16,2023-05-29 06:00:00,2023-05-31 04:27:11,Monday,6
76,d,6,0,124.29324952569202,149.43555293970823,2.459259400181878,0.0,0.023706460473638266,0.040740599818121837,0.06253820104163917,0.12698526133339927,149.5,149.56253820104163,2023-05-06 01:02:16,2023-05-31 06:00:00,2023-05-31 07:30:03,Wednesday,6
76,e,7,0,124.29324952569202,149.56253820104163,2.925150137026918,0.082,0.28061193598527495,0.0,0.017384659315949808,0.37999659530122476,149.9251501370269,149.94253479634284,2023-05-06 01:02:16,2023-05-31 16:12:12,2023-05-31 16:37:15,Wednesday,16
76,d,8,0,124.29324952569202,149.94253479634287,3.1260197274397967,0.082,0.10148493109691706,0.3739802725602033,2.774689552534253,3.3321547561913736,150.49999999999997,153.27468955253423,2023-05-06 01:02:16,2023-06-01 05:59:59,2023-06-04 00:35:33,Thursday,5
76,e,9,0,124.29324952569202,153.27468955253426,6.375217728815045,0.082,0.018528176280788122,1.124782271184955,0.16582254040745645,1.3911329878731997,154.5,154.66582254040745,2023-05-06 01:02:16,2023-06-05 06:00:00,2023-06-05 09:58:47,Monday,6
76,e,10,0,124.29324952569202,154.66582254040745,0.763064619495907,0.082,0.015242079088452412,0.0,0.33793703719368656,0.435179116282139,154.7630646194959,155.1010016566896,2023-05-06 01:02:16,2023-06-05 12:18:48,2023-06-05 20:25:26,Monday,12
76,f,11,0,124.29324952569202,155.1010016566896,1.3177244690319583,0.123,0.09372281234236732,0.18227553096804172,15.708309672906745,16.107308016217154,155.5,171.20830967290675,2023-05-06 01:02:16,2023-06-06 06:00:00,2023-06-21 22:59:57,Tuesday,6
76,c,12,0,124.29324952569202,171.20830967290675,3.4406407259926084,0.082,0.15033105308585587,0.059359274007391605,0.07648639151935868,0.36817671861260615,171.5,171.57648639151935,2023-05-06 01:02:16,2023-06-22 06:00:00,2023-06-22 07:50:08,Thursday,6
76,b,13,0,124.29324952569202,171.57648639151935,3.759436136621389,0.041,0.1419497451020484,0.0,0.9639441715427803,1.1468939166448289,171.7594361366214,172.72338030816417,2023-05-06 01:02:16,2023-06-22 12:13:35,2023-06-23 11:21:40,Thursday,12
76,f,14,0,124.29324952569202,172.7233803081642,5.098644352827193,0.123,0.2522640446629983,2.4013556471728066,3.22117158121233,5.997791273048135,175.5,178.72117158121233,2023-05-06 01:02:16,2023-06-26 06:00:00,2023-06-29 11:18:29,Monday,6
76,b,15,0,124.29324952569202,178.72117158121233,3.878535688202561,0.041,0.11636410699024213,0.0,1.4780604842729377,1.6354245912631797,178.87853568820256,180.3565961724755,2023-05-06 01:02:16,2023-06-29 15:05:05,2023-07-01 02:33:29,Thursday,15
76,e,16,0,124.29324952569202,180.35659617247552,5.59076547953498,0.082,0.15216930705946477,1.90923452046502,1.3179783301306207,3.4613821576551054,182.5,183.81797833013061,2023-05-06 01:02:16,2023-07-03 06:00:00,2023-07-04 13:37:53,Monday,6
76,c,17,0,124.29324952569202,183.81797833013061,1.8374190054748567,0.0,0.019440675344240904,0.0,18.50698847386964,18.526429149213882,183.83741900547486,202.3444074793445,2023-05-06 01:02:16,2023-07-04 14:05:53,2023-07-23 02:15:56,Tuesday,14
76,f,18,0,124.29324952569202,202.3444074793445,6.462052702986057,0.0,0.11764522364153802,1.0379472970139432,0.6993412454456879,1.8549337661011691,203.5,204.19934124544568,2023-05-06 01:02:16,2023-07-24 06:00:00,2023-07-24 22:47:03,Monday,6
76,b,19,0,124.29324952569202,204.19934124544568,1.339239856520578,0.123,0.01689861107488792,0.1607601434794219,3.7778065105643734,4.078465265118683,204.49999999999997,208.27780651056435,2023-05-06 01:02:16,2023-07-25 05:59:59,2023-07-29 00:40:02,Tuesday,5
76,d,20,0,124.29324952569202,208.27780651056437,5.430697641299474,0.082,0.07089113073510313,2.0693023587005257,0.011557005563942398,2.2337504949995712,210.5,210.51155700556393,2023-05-06 01:02:16,2023-07-31 06:00:00,2023-07-31 06:16:38,Monday,6
76,f,21,0,124.29324952569202,210.51155700556396,0.6453064253142315,0.082,0.05174941975028302,0.0,1.2659885285711585,1.3997379483214416,210.64530642531423,211.9112949538854,2023-05-06 01:02:16,2023-07-31 09:29:14,2023-08-01 15:52:15,Monday,9
76,e,22,0,124.29324952569202,211.9112949538854,2.0923349489344787,0.123,0.058039995049065984,0.4076650510655213,2.7769579228458263,3.3656629689604136,212.49999999999997,215.2769579228458,2023-05-06 01:02:16,2023-08-02 05:59:59,2023-08-05 00:38:49,Wednesday,5
76,f,23,0,124.29324952569202,215.2769579228458,5.3442067089676755,0.041,0.026248786121856896,2.1557932910323245,0.20776005614229473,2.430802133296476,217.5,217.7077600561423,2023-05-06 01:02:16,2023-08-07 06:00:00,2023-08-07 10:59:10,Monday,6
76,f,24,0,124.29324952569202,217.7077600561423,0.8887125284183242,0.041,0.13995247227602448,0.0,10.290022989759398,10.470975462035423,217.88871252841832,228.17873551817772,2023-05-06 01:02:16,2023-08-07 15:19:44,2023-08-17 22:17:22,Monday,15
76,f,25,0,124.29324952569202,228.17873551817772,4.2382852725518205,0.041,0.01854975437410506,0.2617147274481795,1.6443032868677152,1.9655677686899997,228.5,230.1443032868677,2023-05-06 01:02:16,2023-08-18 06:00:00,2023-08-19 21:27:47,Friday,6
77,c,1,0,125.71042963694352,125.71042963694352,6.8572883238412885,0.123,0.023858686897778394,0.6427116761587115,0.12225169804296733,0.9118220610994572,126.50000000000001,126.62225169804299,2023-05-07 11:03:01,2023-05-08 06:00:00,2023-05-08 08:56:02,Monday,6
77,c,2,0,125.71042963694352,126.62225169804297,0.8025170488938613,0.123,0.057265350850883745,0.0,3.207337536739986,3.38760288759087,126.80251704889386,130.00985458563386,2023-05-07 11:03:01,2023-05-08 13:15:37,2023-05-11 18:14:11,Monday,13
77,b,3,0,125.71042963694352,130.00985458563383,4.063369134714463,0.041,0.01251454908063377,0.43663086528553663,3.631849048994809,4.12199446336098,130.5,134.1318490489948,2023-05-07 11:03:01,2023-05-12 06:00:00,2023-05-15 21:09:51,Friday,6
77,c,4,0,125.71042963694352,134.1318490489948,1.322452911037999,0.041,0.14960386204320006,0.177547088962001,1.26355452171921,1.631705472724411,134.5,135.76355452171921,2023-05-07 11:03:01,2023-05-16 06:00:00,2023-05-17 12:19:31,Tuesday,6
77,c,5,0,125.71042963694352,135.76355452171921,2.9356692078427216,0.082,0.09011468612350733,0.0,0.910272810103997,1.0823874962275042,135.93566920784272,136.84594201794673,2023-05-07 11:03:01,2023-05-17 16:27:21,2023-05-18 14:18:09,Wednesday,16
77,f,6,0,125.71042963694352,136.84594201794673,3.9744397976832886,0.082,0.04649777973657027,0.0,5.3507368527649914,5.479234632501562,136.9744397976833,142.32517665044827,2023-05-07 11:03:01,2023-05-18 17:23:11,2023-05-24 01:48:15,Thursday,17
77,f,7,0,125.71042963694352,142.3251766504483,2.4482489730789325,0.082,0.04107232263062243,0.05175102692106748,4.031651736694242,4.2064750862459315,142.49999999999997,146.53165173669422,2023-05-07 11:03:01,2023-05-24 05:59:59,2023-05-28 06:45:34,Wednesday,5
77,e,8,0,125.71042963694352,146.53165173669424,6.615388394019618,0.041,0.04273665732537954,0.8846116059803819,1.7733858946267955,2.741734157932557,147.5,149.27338589462678,2023-05-07 11:03:01,2023-05-29 06:00:00,2023-05-31 00:33:40,Monday,6
77,d,9,0,125.71042963694352,149.2733858946268,2.3687726109737355,0.041,0.05438671634691518,0.13122738902626452,7.049923018887992,7.276537124261172,149.5,156.549923018888,2023-05-07 11:03:01,2023-05-31 06:00:00,2023-06-07 07:11:53,Wednesday,6
77,b,10,0,125.71042963694352,156.549923018888,2.6985159766454387,0.041,0.10759295775745331,0.0,2.0716139758545817,2.220206933612035,156.69851597664544,158.7701299525,2023-05-07 11:03:01,2023-06-07 10:45:51,2023-06-09 12:28:59,Wednesday,10
77,d,11,0,125.71042963694352,158.77012995250004,5.025131702371169,0.041,0.21400174987112217,2.4748682976288308,1.5266414213162849,4.256511468816238,161.5,163.0266414213163,2023-05-07 11:03:01,2023-06-12 06:00:00,2023-06-13 18:38:21,Monday,6
78,d,1,0,127.87468467265387,127.87468467265387,2.019249730592435,0.041,0.10356505793856828,0.48075026940756516,0.5489336076190984,1.1742489349652319,128.5,129.0489336076191,2023-05-09 14:59:32,2023-05-10 06:00:00,2023-05-10 19:10:27,Wednesday,6
78,d,2,0,127.87468467265387,129.0489336076191,3.121148421494155,0.041,0.031214813875076478,0.37885157850584505,0.1541461118017491,0.6052125041826706,129.5,129.65414611180174,2023-05-09 14:59:32,2023-05-11 06:00:00,2023-05-11 09:41:58,Thursday,6
78,c,3,0,127.87468467265387,129.65414611180177,3.8307520148123615,0.123,0.05360590301060228,0.0,0.3100542002960954,0.4866601033066976,129.83075201481236,130.14080621510846,2023-05-09 14:59:32,2023-05-11 13:56:16,2023-05-11 21:22:45,Thursday,13
78,b,4,0,127.87468467265387,130.14080621510846,4.2092424575874645,0.041,0.02743624247902292,0.2907575424125355,3.14185349973534,3.5010472846268983,130.5,133.64185349973533,2023-05-09 14:59:32,2023-05-12 06:00:00,2023-05-15 09:24:16,Friday,6
78,b,5,0,127.87468467265387,133.64185349973536,0.764550526457981,0.082,0.040697026722619135,0.0,3.323045085028625,3.4457421117512443,133.76455052645798,137.08759561148662,2023-05-09 14:59:32,2023-05-15 12:20:57,2023-05-18 20:06:08,Monday,12
78,e,6,0,127.87468467265387,137.08759561148662,4.155309056840025,0.041,0.02671344535339773,0.34469094315997495,0.39636131460562196,0.8087657031189946,137.5,137.89636131460563,2023-05-09 14:59:32,2023-05-19 06:00:00,2023-05-19 15:30:45,Friday,6
78,c,7,0,127.87468467265387,137.89636131460563,5.080832619734537,0.0,0.1844713051289135,2.4191673802654634,1.5544919751362205,4.158130660530597,140.5,142.05449197513622,2023-05-09 14:59:32,2023-05-22 06:00:00,2023-05-23 19:18:28,Monday,6
78,b,8,0,127.87468467265387,142.05449197513622,2.344623542865321,0.041,0.24913156772911837,0.15537645713467896,1.7482350042622636,2.193743029126061,142.5,144.24823500426226,2023-05-09 14:59:32,2023-05-24 06:00:00,2023-05-25 23:57:27,Wednesday,6
79,d,1,0,129.45864941981006,129.45864941981006,3.616227332525824,0.041,0.11657791271576974,0.0,0.026895362636981803,0.18447327535275154,129.61622733252582,129.64312269516282,2023-05-11 05:00:27,2023-05-11 08:47:22,2023-05-11 09:26:05,Thursday,8
79,d,2,0,129.45864941981006,129.64312269516282,3.704605658625212,0.041,0.020482963462386886,0.0,0.14581012550032615,0.20729308896271303,129.7046056586252,129.85041578412554,2023-05-11 05:00:27,2023-05-11 10:54:37,2023-05-11 14:24:35,Thursday,10
79,e,3,0,129.45864941981006,129.85041578412552,4.081621322079826,0.082,0.1492055379542966,0.4183786779201739,2.0480308224986032,2.6976150383730735,130.49999999999997,132.54803082249856,2023-05-11 05:00:27,2023-05-12 05:59:59,2023-05-14 07:09:09,Friday,5
79,b,4,0,129.45864941981006,132.5480308224986,6.646791085041684,0.082,0.016760262543083364,0.8532089149583157,1.698021621988672,2.649990799490071,133.49999999999997,135.19802162198863,2023-05-11 05:00:27,2023-05-15 05:59:59,2023-05-16 22:45:09,Monday,5
79,f,5,0,129.45864941981006,135.19802162198866,2.285657866636484,0.041,0.04663624464781762,0.21434213336351604,0.34473073791703845,0.6467091159283721,135.5,135.84473073791705,2023-05-11 05:00:27,2023-05-17 06:00:00,2023-05-17 14:16:24,Wednesday,6
79,c,6,0,129.45864941981006,135.84473073791702,3.1791178546950505,0.082,0.25238711677803805,0.3208821453049495,0.01670640728369123,0.6719756693666789,136.5,136.5167064072837,2023-05-11 05:00:27,2023-05-18 06:00:00,2023-05-18 06:24:03,Thursday,6
79,c,7,0,129.45864941981006,136.5167064072837,3.69487344315246,0.123,0.05516703586877565,0.0,0.6479163052462372,0.8260833411150128,136.69487344315246,137.3427897483987,2023-05-11 05:00:27,2023-05-18 10:40:37,2023-05-19 02:13:37,Thursday,10
79,e,8,0,129.45864941981006,137.3427897483987,4.592161823575736,0.123,0.12637207517704083,0.0,1.5946759607086636,1.8440480358857043,137.59216182357574,139.1868377842844,2023-05-11 05:00:27,2023-05-19 08:12:42,2023-05-20 22:29:02,Friday,8
79,f,9,0,129.45864941981006,139.1868377842844,6.273250793730597,0.0,0.08641300944619977,1.2267492062694032,0.4735011531142164,1.7866633688298192,140.5,140.97350115311423,2023-05-11 05:00:27,2023-05-22 06:00:00,2023-05-22 17:21:50,Monday,6
79,e,10,0,129.45864941981006,140.9735011531142,1.1063410948930255,0.0,0.13283994177883843,0.39365890510697454,2.738513359542592,3.2650122064284046,141.5,144.2385133595426,2023-05-11 05:00:27,2023-05-23 06:00:00,2023-05-25 23:43:27,Tuesday,6
79,f,11,0,129.45864941981006,144.2385133595426,4.322415204094597,0.082,0.0019018445520087716,0.17758479590540333,0.5566457154410364,0.8181323558984485,144.5,145.05664571544105,2023-05-11 05:00:27,2023-05-26 06:00:00,2023-05-26 19:21:34,Friday,6
79,b,12,0,129.45864941981006,145.05664571544105,5.2404437933908525,0.123,0.06079807794979637,2.2595562066091475,0.04218381203023447,2.4855380965891785,147.49999999999997,147.5421838120302,2023-05-11 05:00:27,2023-05-29 05:59:59,2023-05-29 07:00:44,Monday,5
80,b,1,0,129.7617344471381,129.7617344471381,3.8642824238093,0.082,0.02054797667119952,0.0,1.109565474040489,1.2121134507116884,129.8642824238093,130.9738478978498,2023-05-11 12:16:53,2023-05-11 14:44:34,2023-05-12 17:22:20,Thursday,14
80,e,2,0,129.7617344471381,130.9738478978498,5.05121578199126,0.041,0.03636788414147432,2.44878421800874,0.8265568003405583,3.3527089024907726,133.5,134.32655680034057,2023-05-11 12:16:53,2023-05-15 06:00:00,2023-05-16 01:50:14,Monday,6
80,f,3,0,129.7617344471381,134.32655680034057,1.4751711431229069,0.082,0.06661434278234073,0.02482885687709313,3.247526800030819,3.4209699996902527,134.5,137.7475268000308,2023-05-11 12:16:53,2023-05-16 06:00:00,2023-05-19 11:56:26,Tuesday,6
80,d,4,0,129.7617344471381,137.7475268000308,4.824888190660687,0.041,0.036361390629864564,0.0,0.17048235014269011,0.24784374077255467,137.8248881906607,137.99537054080338,2023-05-11 12:16:53,2023-05-19 13:47:50,2023-05-19 17:53:20,Friday,13
80,c,5,0,129.7617344471381,137.99537054080338,5.211386140631475,0.041,0.17501559982809137,2.2886138593685246,0.5362838514869752,3.040913310683591,140.5,141.03628385148698,2023-05-11 12:16:53,2023-05-22 06:00:00,2023-05-22 18:52:14,Monday,6
81,f,1,0,131.16764171519642,131.16764171519642,5.522927955044395,0.041,0.3142862398479566,1.9770720449556052,2.0954167411488958,4.4277750259524575,133.49999999999997,135.59541674114888,2023-05-12 22:01:24,2023-05-15 05:59:59,2023-05-17 08:17:24,Monday,5
81,c,2,0,131.16764171519642,135.59541674114888,2.639324229907345,0.041,0.0029074887584587678,0.0,7.99521102749836,8.039118516256819,135.63932422990734,143.6345352574057,2023-05-12 22:01:24,2023-05-17 09:20:37,2023-05-25 09:13:43,Wednesday,9
81,c,3,0,131.16764171519642,143.6345352574057,3.8963295550997827,0.041,0.2207942976940893,0.0,0.20414555678644813,0.46593985448053743,143.89632955509978,144.10047511188623,2023-05-12 22:01:24,2023-05-25 15:30:42,2023-05-25 20:24:41,Thursday,15
82,b,1,0,132.0068545845049,132.0068545845049,6.076872807192842,0.0,0.07001822268793856,1.4231271928071578,0.9883429272068068,2.481488342701903,133.5,134.48834292720682,2023-05-13 18:09:52,2023-05-15 06:00:00,2023-05-16 05:43:12,Monday,6
82,c,2,0,132.0068545845049,134.48834292720682,1.6987786430329095,0.123,0.08743571582608428,0.0,2.814312350016111,3.024748065842195,134.69877864303288,137.513090993049,2023-05-13 18:09:52,2023-05-16 10:46:14,2023-05-19 06:18:51,Tuesday,10
82,f,3,0,132.0068545845049,137.51309099304902,4.749426073331932,0.082,0.1543350802829073,0.0,0.8152694780963485,1.051604558379256,137.74942607333193,138.5646955514283,2023-05-13 18:09:52,2023-05-19 11:59:10,2023-05-20 07:33:09,Friday,11
82,b,4,0,132.0068545845049,138.5646955514283,5.657170296677151,0.0,0.09247474524886735,1.842829703322849,0.13429796368209052,2.069602412253807,140.5,140.6342979636821,2023-05-13 18:09:52,2023-05-22 06:00:00,2023-05-22 09:13:23,Monday,6
82,d,5,0,132.0068545845049,140.6342979636821,0.716864606513127,0.082,0.0005666428310303003,0.0,1.42785628451484,1.5104229273458702,140.7168646065131,142.14472089102793,2023-05-13 18:09:52,2023-05-22 11:12:17,2023-05-23 21:28:23,Monday,11
83,d,1,0,132.33937531020968,132.33937531020968,6.539595730340636,0.082,0.11822042013094776,0.9604042696593638,0.6299013914153111,1.7905260812056225,133.49999999999997,134.12990139141527,2023-05-14 02:08:42,2023-05-15 05:59:59,2023-05-15 21:07:03,Monday,5
83,f,2,0,132.33937531020968,134.1299013914153,1.1984039104318072,0.0,0.0685025190164922,0.30159608956819284,0.0016776410331648527,0.3717762496178499,134.5,134.50167764103315,2023-05-14 02:08:42,2023-05-16 06:00:00,2023-05-16 06:02:24,Tuesday,6
83,d,3,0,132.33937531020968,134.50167764103315,1.5784225957355602,0.041,0.03574495470241442,0.0,0.355855686127371,0.43260064082978544,134.57842259573556,134.93427828186293,2023-05-14 02:08:42,2023-05-16 07:52:55,2023-05-16 16:25:21,Tuesday,7
83,f,4,0,132.33937531020968,134.93427828186293,2.0200810091694734,0.082,0.0038027273065536988,0.4799189908305266,0.5978052524395985,1.1635269705766786,135.5,136.0978052524396,2023-05-14 02:08:42,2023-05-17 06:00:00,2023-05-17 20:20:50,Wednesday,6
83,e,5,0,132.33937531020968,136.0978052524396,3.5986389185918597,0.082,0.4188336661522642,0.0,3.2017947729745697,3.702628439126834,136.59863891859186,139.80043369156644,2023-05-14 02:08:42,2023-05-18 08:22:02,2023-05-21 13:12:37,Thursday,8
83,b,6,0,132.33937531020968,139.80043369156644,6.9738103696167855,0.123,0.05037667805034788,0.5261896303832145,0.8462438746250939,1.5458101830586561,140.5,141.3462438746251,2023-05-14 02:08:42,2023-05-22 06:00:00,2023-05-23 02:18:35,Monday,6
83,d,7,0,132.33937531020968,141.3462438746251,1.4895140633075528,0.041,0.10227018868245817,0.01048593669244724,5.298007203219459,5.451763328594365,141.5,146.79800720321947,2023-05-14 02:08:42,2023-05-23 06:00:00,2023-05-28 13:09:07,Tuesday,6
83,d,8,0,132.33937531020968,146.79800720321944,0.042058555736304015,0.0,0.2440513525168571,0.457941444263696,2.0071707552575453,2.709163552038098,147.5,149.50717075525753,2023-05-14 02:08:42,2023-05-29 06:00:00,2023-05-31 06:10:19,Monday,6
83,b,9,0,132.33937531020968,149.50717075525753,2.6465268614535375,0.041,0.09835610619599927,0.0,1.0729828554023975,1.2123389615983968,149.64652686145354,150.71950971685592,2023-05-14 02:08:42,2023-05-31 09:30:59,2023-06-01 11:16:05,Wednesday,9
83,c,10,0,132.33937531020968,150.71950971685592,3.7690545222969263,0.041,0.00854480544099191,0.0,5.699002136355215,5.748546941796207,150.76905452229693,156.46805665865213,2023-05-14 02:08:42,2023-06-01 12:27:26,2023-06-07 05:14:00,Thursday,12
83,f,11,0,132.33937531020968,156.46805665865213,2.751085695608708,0.041,0.24202903695658848,0.0,3.4264085134064843,3.7094375503630728,156.7510856956087,160.17749420901518,2023-05-14 02:08:42,2023-06-07 12:01:33,2023-06-10 22:15:35,Wednesday,12
83,e,12,0,132.33937531020968,160.1774942090152,6.296563677409608,0.082,0.037069468394402796,1.2034363225903917,0.4116826049137507,1.7341883958985453,161.5,161.91168260491375,2023-05-14 02:08:42,2023-06-12 06:00:00,2023-06-12 15:52:49,Monday,6
83,c,13,0,132.33937531020968,161.91168260491375,1.0459378762953122,0.082,0.0522552713815589,0.4540621237046878,0.6609233525653222,1.249240747651569,162.5,163.16092335256533,2023-05-14 02:08:42,2023-06-13 06:00:00,2023-06-13 21:51:43,Tuesday,6
84,e,1,0,132.81439027369436,132.81439027369436,6.856711230405153,0.041,0.0013209567107841616,0.6432887695948466,1.0736298969395026,1.7592396232451333,133.49999999999997,134.57362989693948,2023-05-14 13:32:43,2023-05-15 05:59:59,2023-05-16 07:46:01,Monday,5
84,f,2,0,132.81439027369436,134.57362989693948,1.66022282812159,0.082,0.004592931182120161,0.0,0.024986949102830395,0.11157988028495056,134.6602228281216,134.68520977722443,2023-05-14 13:32:43,2023-05-16 09:50:43,2023-05-16 10:26:42,Tuesday,9
84,f,3,0,132.81439027369436,134.68520977722443,1.7299882525063595,0.041,0.003778475281917557,0.0,0.742064630702393,0.7868431059843106,134.72998825250633,135.47205288320873,2023-05-14 13:32:43,2023-05-16 11:31:10,2023-05-17 05:19:45,Tuesday,11
84,e,4,0,132.81439027369436,135.47205288320873,2.5569321027609533,0.041,0.04387921955221798,0.0,1.063400139943258,1.1482793594954759,135.55693210276095,136.62033224270422,2023-05-14 13:32:43,2023-05-17 07:21:58,2023-05-18 08:53:16,Wednesday,7
85,f,1,0,133.44335896413796,133.44335896413796,0.7408431240498601,0.082,0.2154841599118953,0.0,8.784554349277037,9.082038509188934,133.74084312404983,142.52539747332688,2023-05-15 04:38:26,2023-05-15 11:46:48,2023-05-24 06:36:34,Monday,11
85,d,2,0,133.44335896413796,142.5253974733269,2.7383153875874484,0.082,0.13091791426054375,0.0,0.9204264351063329,1.1333443493668767,142.73831538758745,143.65874182269377,2023-05-15 04:38:26,2023-05-24 11:43:10,2023-05-25 09:48:35,Wednesday,11
85,d,3,0,133.44335896413796,143.65874182269377,3.7750948153869786,0.041,0.07535299269319484,0.0,7.4889589152280065,7.605311907921202,143.77509481538695,151.26405373061496,2023-05-15 04:38:26,2023-05-25 12:36:08,2023-06-02 00:20:14,Thursday,12
85,b,4,0,133.44335896413796,151.26405373061496,4.350409075140789,0.041,0.04535534452583828,0.14959092485921133,0.4432782577813112,0.6792245271663608,151.5,151.94327825778132,2023-05-15 04:38:26,2023-06-02 06:00:00,2023-06-02 16:38:19,Friday,6
85,e,5,0,133.44335896413796,151.94327825778132,5.05937219513217,0.041,0.07509393735084664,2.4406278048678303,0.40711660802969796,2.9638383502483747,154.5,154.9071166080297,2023-05-15 04:38:26,2023-06-05 06:00:00,2023-06-05 15:46:14,Monday,6
85,c,6,0,133.44335896413796,154.9071166080297,0.9931091589109826,0.082,0.003992550881283446,0.0,2.733784967588065,2.8197775184693485,154.99310915891098,157.72689412649905,2023-05-15 04:38:26,2023-06-05 17:50:04,2023-06-08 11:26:43,Monday,17
85,b,7,0,133.44335896413796,157.72689412649905,3.942271237582787,0.082,0.13337711108373929,0.0,1.4072566069606656,1.6226337180444048,157.9422712375828,159.34952784454345,2023-05-15 04:38:26,2023-06-08 16:36:52,2023-06-10 02:23:19,Thursday,16
85,b,8,0,133.44335896413796,159.34952784454345,5.613339578128603,0.123,0.1408117335851683,1.8866604218713974,2.7470765568530626,4.897548712309629,161.5,164.24707655685307,2023-05-15 04:38:26,2023-06-12 06:00:00,2023-06-14 23:55:47,Monday,6
86,c,1,0,133.77013333169452,133.77013333169452,0.8877976466123414,0.082,0.035664314917815784,0.0,2.0289152319447252,2.146579546862541,133.88779764661234,135.91671287855706,2023-05-15 12:28:59,2023-05-15 15:18:25,2023-05-17 16:00:03,Monday,15
86,b,2,0,133.77013333169452,135.91671287855706,3.1159054833490814,0.123,0.07619260479202015,0.38409451665091865,0.08113977230960004,0.6644268937525388,136.5,136.5811397723096,2023-05-15 12:28:59,2023-05-18 06:00:00,2023-05-18 07:56:50,Thursday,6
86,c,3,0,133.77013333169452,136.5811397723096,3.7035319489559413,0.082,0.040392176646347415,0.0,2.473764916254729,2.5961570929010764,136.70353194895594,139.17729686521068,2023-05-15 12:28:59,2023-05-18 10:53:05,2023-05-20 22:15:18,Thursday,10
86,c,4,0,133.77013333169452,139.17729686521068,6.318655168782783,0.123,0.018358303572095704,1.181344831217217,0.5812021425185685,1.9039052773078813,140.49999999999997,141.08120214251855,2023-05-15 12:28:59,2023-05-22 05:59:59,2023-05-22 19:56:55,Monday,5
86,e,5,0,133.77013333169452,141.08120214251855,1.0870409517021073,0.0,0.005838809183563329,0.41295904829789265,0.112103449140725,0.5309013066221809,141.5,141.61210344914073,2023-05-15 12:28:59,2023-05-23 06:00:00,2023-05-23 08:41:25,Tuesday,6
86,f,6,0,133.77013333169452,141.61210344914073,1.753546232295264,0.123,0.01844278315452542,0.0,0.4894604788527159,0.6309032620072412,141.75354623229524,142.24300671114796,2023-05-15 12:28:59,2023-05-23 12:05:06,2023-05-23 23:49:55,Tuesday,12
86,b,7,0,133.77013333169452,142.24300671114798,2.352649470699106,0.041,0.06864275955112321,0.1473505293008941,2.4223012342708325,2.67929452312285,142.5,144.92230123427083,2023-05-15 12:28:59,2023-05-24 06:00:00,2023-05-26 16:08:06,Wednesday,6
87,f,1,0,136.3247398795138,136.3247398795138,3.400750794580034,0.041,0.035010915066245325,0.09924920541996585,7.02469309161599,7.199953212102201,136.5,143.524693091616,2023-05-18 01:47:37,2023-05-18 06:00:00,2023-05-25 06:35:33,Thursday,6
87,c,2,0,136.3247398795138,143.524693091616,3.665107224992738,0.0,0.14041413337674233,0.0,0.4147483181599059,0.5551624515366482,143.66510722499274,144.07985554315263,2023-05-18 01:47:37,2023-05-25 09:57:45,2023-05-25 19:54:59,Thursday,9
88,f,1,0,137.07127528575865,137.07127528575865,4.10717866610878,0.0,0.03590338035012189,0.3928213338912201,4.15332032004687,4.582045034288212,137.5,141.65332032004687,2023-05-18 19:42:38,2023-05-19 06:00:00,2023-05-23 09:40:46,Friday,6
88,c,2,0,137.07127528575865,141.65332032004684,1.778911894192504,0.082,0.04359157414565863,0.0,0.07784576537683216,0.2034373395224908,141.7789118941925,141.85675765956933,2023-05-18 19:42:38,2023-05-23 12:41:37,2023-05-23 14:33:43,Tuesday,12
88,f,3,0,137.07127528575865,141.85675765956933,2.1080545569446087,0.082,0.1692968973752968,0.39194544305539125,3.1786446650156264,3.8218870054463143,142.5,145.67864466501564,2023-05-18 19:42:38,2023-05-24 06:00:00,2023-05-27 10:17:14,Wednesday,6
88,e,4,0,137.07127528575865,145.67864466501564,5.833071350037528,0.0,0.15442668502188744,1.6669286499624718,0.26558285696623085,2.08693819195059,147.5,147.76558285696623,2023-05-18 19:42:38,2023-05-29 06:00:00,2023-05-29 12:22:26,Monday,6
88,c,5,0,137.07127528575865,147.76558285696623,0.8669337209973094,0.041,0.060350864031080254,0.0,0.2629069617049087,0.36425782573598897,147.8669337209973,148.12984068270222,2023-05-18 19:42:38,2023-05-29 14:48:23,2023-05-29 21:06:58,Monday,14
89,d,1,0,139.05562961842085,139.05562961842085,6.25013044297549,0.082,0.11250082455463895,1.2498695570245104,1.0578830238994819,2.502253405478631,140.5,141.55788302389948,2023-05-20 19:20:06,2023-05-22 06:00:00,2023-05-23 07:23:21,Monday,6
89,e,2,0,139.05562961842085,141.55788302389948,1.7499188995796828,0.041,0.15103587568019336,0.0,0.8636998114560356,1.055735687136229,141.74991889957965,142.61361871103568,2023-05-20 19:20:06,2023-05-23 11:59:52,2023-05-24 08:43:36,Tuesday,11
89,b,3,0,139.05562961842085,142.6136187110357,2.808267111476738,0.041,0.15364840044102723,0.0,2.1547399532444973,2.3493883536855247,142.80826711147674,144.96300706472124,2023-05-20 19:20:06,2023-05-24 13:23:54,2023-05-26 17:06:43,Wednesday,13
89,d,4,0,139.05562961842085,144.96300706472124,5.192014006353077,0.123,0.10600694163183472,2.3079859936469234,0.3214299158254256,2.8584228511041836,147.5,147.82142991582543,2023-05-20 19:20:06,2023-05-29 06:00:00,2023-05-29 13:42:51,Monday,6
89,c,5,0,139.05562961842085,147.82142991582543,1.0113787410860198,0.082,0.10794882526059396,0.4886212589139802,0.26017768219904397,0.9387477663736181,148.5,148.76017768219904,2023-05-20 19:20:06,2023-05-30 06:00:00,2023-05-30 12:14:39,Tuesday,6
90,d,1,0,140.42265274791933,140.42265274791933,0.5570714164769868,0.082,0.05241866855766217,0.0,0.8338266741123985,0.9682453426700607,140.557071416477,141.3908980905894,2023-05-22 04:08:37,2023-05-22 07:22:10,2023-05-23 03:22:53,Monday,7
90,e,2,0,140.42265274791933,141.3908980905894,1.6343706584800373,0.082,0.1614725678906601,0.0,1.4333966957131443,1.6768692636038045,141.63437065848004,143.0677673541932,2023-05-22 04:08:37,2023-05-23 09:13:29,2023-05-24 19:37:35,Tuesday,9
90,e,3,0,140.42265274791933,143.0677673541932,3.1585653320740334,0.082,0.008797977880846145,0.34143466792596655,0.5702676972527537,1.0025003430595665,143.5,144.07026769725275,2023-05-22 04:08:37,2023-05-25 06:00:00,2023-05-25 19:41:11,Thursday,6
90,d,4,0,140.42265274791933,144.07026769725277,4.447713510727368,0.082,0.2954458134745902,0.0522864892726318,0.8702281173034595,1.2999604200506816,144.5,145.37022811730347,2023-05-22 04:08:37,2023-05-26 06:00:00,2023-05-27 02:53:07,Friday,6
90,f,5,0,140.42265274791933,145.37022811730347,5.4639608529398345,0.041,0.05273273563635153,2.0360391470601655,3.2725130292149016,5.402284911911419,147.49999999999997,150.77251302921488,2023-05-22 04:08:37,2023-05-29 05:59:59,2023-06-01 12:32:25,Monday,5
90,c,6,0,140.42265274791933,150.77251302921488,3.9411214953628644,0.082,0.0866084661479752,0.0,0.13855146767281676,0.307159933820792,150.94112149536284,151.07967296303565,2023-05-22 04:08:37,2023-06-01 16:35:12,2023-06-01 19:54:43,Thursday,16
90,f,7,0,140.42265274791933,151.07967296303568,4.237582336115935,0.123,0.03490937308026095,0.2624176638840652,14.2606623141966,14.680989351160925,151.5,165.7606623141966,2023-05-22 04:08:37,2023-06-02 06:00:00,2023-06-16 12:15:21,Friday,6
90,c,8,0,140.42265274791933,165.7606623141966,4.888457740734822,0.123,0.004795426538236818,0.0,12.910657972364326,13.038453398902563,165.88845774073482,178.79911571309916,2023-05-22 04:08:37,2023-06-16 15:19:22,2023-06-29 13:10:43,Friday,15
90,d,9,0,140.42265274791933,178.79911571309916,3.8831957542224416,0.082,0.0020800411232817983,0.0,4.048651021553997,4.132731062677279,178.88319575422244,182.93184677577645,2023-05-22 04:08:37,2023-06-29 15:11:48,2023-07-03 16:21:51,Thursday,15
90,d,10,0,140.42265274791933,182.93184677577642,1.104213575559669,0.041,0.13136679978323926,0.3957864244403311,1.3981978780402105,1.9663511022637807,183.5,184.8981978780402,2023-05-22 04:08:37,2023-07-04 06:00:00,2023-07-05 15:33:24,Tuesday,6
90,c,11,0,140.42265274791933,184.8981978780402,3.054266739116656,0.041,0.11506886107643627,0.445733260883344,1.177980820437286,1.7797829423970661,185.49999999999997,186.67798082043726,2023-05-22 04:08:37,2023-07-06 05:59:59,2023-07-07 10:16:17,Thursday,5
90,b,12,0,140.42265274791933,186.67798082043728,4.8698536433127515,0.123,0.06887282287546982,0.0,0.07053522936373097,0.2624080522392008,186.86985364331275,186.9403888726765,2023-05-22 04:08:37,2023-07-07 14:52:35,2023-07-07 16:34:09,Friday,14
90,d,13,0,140.42265274791933,186.9403888726765,5.151554368762675,0.123,0.08816549608619356,2.3484456312373254,7.316864867842264,9.876475995165784,189.5,196.81686486784227,2023-05-22 04:08:37,2023-07-10 06:00:00,2023-07-17 13:36:17,Monday,6
91,f,1,0,143.8407382609971,143.8407382609971,4.041432653076612,0.082,0.11869439207949402,0.4585673469233882,1.2967653013896494,1.9560270403925317,144.5,145.79676530138966,2023-05-25 14:10:39,2023-05-26 06:00:00,2023-05-27 13:07:20,Friday,6
91,c,2,0,143.8407382609971,145.79676530138966,6.126996513155433,0.123,0.20723121176576922,1.373003486844567,6.73124253772582,8.434477236336157,147.49999999999997,154.2312425377258,2023-05-25 14:10:39,2023-05-29 05:59:59,2023-06-04 23:32:59,Monday,5
91,e,3,0,143.8407382609971,154.23124253772582,0.3666825260365556,0.082,0.05343998831073983,0.1333174739634444,6.1152920792979435,6.384049541572128,154.5,160.61529207929794,2023-05-25 14:10:39,2023-06-05 06:00:00,2023-06-11 08:46:01,Monday,6
91,e,4,0,143.8407382609971,160.61529207929794,6.713330805329065,0.082,0.016038726031114333,0.7866691946709352,0.3679780328656869,1.2526859535677364,161.5,161.8679780328657,2023-05-25 14:10:39,2023-06-12 06:00:00,2023-06-12 14:49:53,Monday,6
91,f,5,0,143.8407382609971,161.8679780328657,0.9819564511328167,0.082,0.03197841826713195,0.0,4.650134917308944,4.764113335576075,161.98195645113282,166.63209136844176,2023-05-25 14:10:39,2023-06-12 17:34:01,2023-06-17 09:10:12,Monday,17
91,d,6,0,143.8407382609971,166.63209136844176,5.7928809160969195,0.041,0.1197895476551496,1.7071190839030805,0.8501771870335921,2.718085818591822,168.5,169.35017718703358,2023-05-25 14:10:39,2023-06-19 06:00:00,2023-06-20 02:24:15,Monday,6
91,f,7,0,143.8407382609971,169.35017718703358,1.4859427709693307,0.082,0.05376558393575155,0.014057229030669305,10.249209402910376,10.399032215876797,169.5,179.74920940291037,2023-05-25 14:10:39,2023-06-20 06:00:00,2023-06-30 11:58:51,Tuesday,6
92,e,1,0,144.50404854491657,144.50404854491657,4.672652860484618,0.0,0.16860431556804062,0.0,1.7489520620627599,1.9175563776308004,144.67265286048462,146.42160492254737,2023-05-26 06:05:49,2023-05-26 10:08:37,2023-05-28 04:07:06,Friday,10
92,f,2,0,144.50404854491657,146.42160492254737,6.48256424488244,0.041,0.019959322335060713,1.0174357551175603,0.005815864086790132,1.084210941539411,147.5,147.5058158640868,2023-05-26 06:05:49,2023-05-29 06:00:00,2023-05-29 06:08:22,Monday,6
92,c,3,0,144.50404854491657,147.5058158640868,0.6889976663814821,0.082,0.10118180229467731,0.0,0.8992492195580347,1.082431021852712,147.68899766638148,148.58824688593953,2023-05-26 06:05:49,2023-05-29 10:32:09,2023-05-30 08:07:04,Monday,10
92,b,4,0,144.50404854491657,148.5882468859395,1.7221100892214452,0.041,0.09286320328196007,0.0,3.3851067247641637,3.5189699280461237,148.72211008922145,152.10721681398562,2023-05-26 06:05:49,2023-05-30 11:19:50,2023-06-02 20:34:23,Tuesday,11
92,f,5,0,144.50404854491657,152.10721681398562,5.2510789026488,0.123,0.020862088663195624,2.2489210973512,3.2251471899955395,5.6179303760099355,154.5,157.72514718999554,2023-05-26 06:05:49,2023-06-05 06:00:00,2023-06-08 11:24:12,Monday,6
93,b,1,0,144.7387366000574,144.7387366000574,4.869562284327685,0.041,0.08982568427028786,0.0,0.09059876572726445,0.22142444999755234,144.86956228432769,144.96016105005495,2023-05-26 11:43:46,2023-05-26 14:52:10,2023-05-26 17:02:37,Friday,14
93,e,2,0,144.7387366000574,144.96016105005495,5.1318398660998525,0.041,0.13067881604489293,2.3681601339001475,0.29727811944398275,2.837117069389023,147.5,147.79727811944397,2023-05-26 11:43:46,2023-05-29 06:00:00,2023-05-29 13:08:04,Monday,6
93,c,3,0,144.7387366000574,147.79727811944397,0.8629847323606725,0.041,0.024706612916687496,0.0,1.9412200498668364,2.006926662783524,147.86298473236064,149.8042047822275,2023-05-26 11:43:46,2023-05-29 14:42:41,2023-05-31 13:18:03,Monday,14
93,b,4,0,144.7387366000574,149.8042047822275,3.028918149221113,0.041,0.18371336699363847,0.4710818507788872,3.2022836357943087,3.8980788535668345,150.5,153.70228363579432,2023-05-26 11:43:46,2023-06-01 06:00:00,2023-06-04 10:51:17,Thursday,6
93,c,5,0,144.7387366000574,153.70228363579432,6.779424208565274,0.041,0.03614057277096249,0.7205757914347259,0.01872229114847065,0.8164386553541592,154.5,154.51872229114846,2023-05-26 11:43:46,2023-06-05 06:00:00,2023-06-05 06:26:57,Monday,6
93,e,6,0,144.7387366000574,154.51872229114846,0.6304572170291465,0.082,0.02973492588068702,0.0,2.709020494929045,2.820755420809732,154.63045721702915,157.33947771195818,2023-05-26 11:43:46,2023-06-05 09:07:51,2023-06-08 02:08:50,Monday,9
93,f,7,0,144.7387366000574,157.33947771195818,3.4685459001719607,0.082,0.04706818821379188,0.03145409982803926,3.501340471664338,3.6618627597061693,157.5,161.00134047166435,2023-05-26 11:43:46,2023-06-08 06:00:00,2023-06-11 18:01:55,Thursday,6
94,d,1,0,148.0069951303771,148.0069951303771,1.1160687261300666,0.082,0.02707359575296589,0.3839312738699334,0.5506131159565044,1.0436179855794037,148.5,149.0506131159565,2023-05-29 18:10:04,2023-05-30 06:00:00,2023-05-30 19:12:52,Tuesday,6
94,d,2,0,148.0069951303771,149.0506131159565,2.217292153346051,0.041,0.12567903738955435,0.282707846653949,0.034379410510341595,0.48376629455384496,149.5,149.53437941051035,2023-05-29 18:10:04,2023-05-31 06:00:00,2023-05-31 06:49:30,Wednesday,6
94,f,3,0,148.0069951303771,149.53437941051035,2.6838849844827735,0.123,0.02650557397241159,0.0,3.215190904838333,3.3646964788107443,149.68388498448275,152.89907588932107,2023-05-29 18:10:04,2023-05-31 10:24:47,2023-06-03 15:34:40,Wednesday,10
94,c,4,0,148.0069951303771,152.8990758893211,6.138555148584544,0.123,0.11647925926344393,1.361444851415456,0.997200483111136,2.5981245937900357,154.5,155.49720048311113,2023-05-29 18:10:04,2023-06-05 06:00:00,2023-06-06 05:55:58,Monday,6
94,b,5,0,148.0069951303771,155.49720048311113,1.6279726942190393,0.041,0.08977221110792112,0.0,9.521845323329465,9.652617534437386,155.62797269421904,165.1498180175485,2023-05-29 18:10:04,2023-06-06 09:04:16,2023-06-15 21:35:44,Tuesday,9
94,f,6,0,148.0069951303771,165.1498180175485,4.235701418221453,0.082,0.0038834006729340366,0.26429858177854726,0.24551989406780841,0.5957018765192897,165.5,165.7455198940678,2023-05-29 18:10:04,2023-06-16 06:00:00,2023-06-16 11:53:32,Friday,6
94,c,7,0,148.0069951303771,165.7455198940678,5.011693094438385,0.082,0.18417320037058757,2.4883069055616147,1.3574201811179667,4.111900287050169,168.5,169.85742018111796,2023-05-29 18:10:04,2023-06-19 06:00:00,2023-06-20 14:34:41,Monday,6
94,e,8,0,148.0069951303771,169.85742018111796,1.8585762008214601,0.0,0.0011560197034942838,0.0,0.4235637728563303,0.42471979255982456,169.85857620082146,170.2821399736778,2023-05-29 18:10:04,2023-06-20 14:36:20,2023-06-21 00:46:16,Tuesday,14
94,d,9,0,148.0069951303771,170.28213997367777,2.4895589844357175,0.082,0.12541901075793194,0.010441015564282452,3.5439189492434946,3.761778975565709,170.49999999999997,174.04391894924348,2023-05-29 18:10:04,2023-06-21 05:59:59,2023-06-24 19:03:14,Wednesday,5
95,d,1,0,148.81146808815438,148.81146808815438,1.8932469529504772,0.041,0.04077886479609148,0.0,0.5170302450126331,0.5988091098087245,148.89324695295048,149.4102771979631,2023-05-30 13:28:30,2023-05-30 15:26:16,2023-05-31 03:50:47,Tuesday,15
95,b,2,0,148.81146808815438,149.4102771979631,2.619370823111609,0.0,0.2090936251485053,0.0,0.05733633195931236,0.26642995710781764,149.6193708231116,149.67670715507091,2023-05-30 13:28:30,2023-05-31 08:51:53,2023-05-31 10:14:27,Wednesday,8
95,b,3,0,148.81146808815438,149.67670715507091,2.913445475247812,0.082,0.15473832017688482,0.0,1.8457008380854987,2.0824391582623836,149.91344547524778,151.75914631333328,2023-05-30 13:28:30,2023-05-31 15:55:21,2023-06-02 12:13:10,Wednesday,15
95,e,4,0,148.81146808815438,151.7591463133333,4.951844171978593,0.041,0.15169785864530272,0.0,4.413815962334993,4.606513820980295,151.9518441719786,156.36566013431357,2023-05-30 13:28:30,2023-06-02 16:50:39,2023-06-07 02:46:33,Friday,16
95,b,5,0,148.81146808815438,156.3656601343136,2.4999215587501453,0.082,0.05226142443653297,7.844124985467715e-05,1.5006900785450463,1.635029944231434,156.49999999999997,158.000690078545,2023-05-30 13:28:30,2023-06-07 05:59:59,2023-06-08 18:00:59,Wednesday,5
95,c,6,0,148.81146808815438,158.00069007854503,4.061571576911291,0.041,0.01988149836626568,0.438428423088709,7.0981053753104595,7.597415296765434,158.5,165.59810537531047,2023-05-30 13:28:30,2023-06-09 06:00:00,2023-06-16 08:21:16,Friday,6
95,d,7,0,148.81146808815438,165.59810537531047,4.710004110471772,0.082,0.029898735161305326,0.0,0.5562647281357358,0.6681634632970411,165.71000411047177,166.26626883860752,2023-05-30 13:28:30,2023-06-16 11:02:24,2023-06-17 00:23:25,Friday,11
95,f,8,0,148.81146808815438,166.26626883860752,5.340404315571675,0.0,0.07413547696414723,2.159595684428325,0.04939246260822095,2.2831236240006936,168.5,168.5493924626082,2023-05-30 13:28:30,2023-06-19 06:00:00,2023-06-19 07:11:07,Monday,6
95,d,9,0,148.81146808815438,168.5493924626082,0.8441591080767807,0.041,0.2537666454685801,0.0,5.535541084805932,5.830307730274512,168.84415910807678,174.37970019288272,2023-05-30 13:28:30,2023-06-19 14:15:35,2023-06-25 03:06:46,Monday,14
95,b,10,0,148.81146808815438,174.37970019288272,6.436879884537348,0.041,0.01617969165461649,1.0631201154626524,0.42249136037157803,1.542791167488847,175.5,175.92249136037157,2023-05-30 13:28:30,2023-06-26 06:00:00,2023-06-26 16:08:23,Monday,6
96,e,1,0,152.79894247607712,152.79894247607712,5.931886375871983,0.041,0.09194389979485532,1.5681136241280171,1.026477765433793,2.7275352893566653,154.49999999999997,155.52647776543375,2023-06-03 13:10:28,2023-06-05 05:59:59,2023-06-06 06:38:07,Monday,5
96,f,2,0,152.79894247607712,155.52647776543378,1.9463095258946623,0.082,0.3378317604608674,0.0,0.020871696887427307,0.4407034573482947,155.94630952589463,155.96718122278207,2023-06-03 13:10:28,2023-06-06 16:42:41,2023-06-06 17:12:44,Tuesday,16
97,c,1,0,153.00250149617239,153.00250149617239,6.231342917188158,0.041,0.1878414210157848,1.268657082811842,0.28883864700244266,1.7863371508300694,154.5,154.78883864700245,2023-06-03 18:03:36,2023-06-05 06:00:00,2023-06-05 12:55:55,Monday,6
97,d,2,0,153.00250149617239,154.78883864700245,0.9809940445144889,0.123,0.06915539751204261,0.0,0.2349816347273202,0.42713703223936283,154.9809940445145,155.2159756792418,2023-06-03 18:03:36,2023-06-05 17:32:37,2023-06-05 23:11:00,Monday,17
98,e,1,0,153.00576511082082,153.00576511082082,6.0433535460757355,0.0,0.03758843525490984,1.4566464539242645,1.6817211265840115,3.1759560157631856,154.5,156.18172112658402,2023-06-03 18:08:18,2023-06-05 06:00:00,2023-06-06 22:21:40,Monday,6
99,b,1,0,154.99208609268348,154.99208609268348,1.1838586425727726,0.041,0.15077254988928696,0.3161413574272274,0.15064547065090325,0.6585593779674176,155.5,155.65064547065091,2023-06-05 17:48:36,2023-06-06 06:00:00,2023-06-06 09:36:55,Tuesday,6
100,d,1,0,155.92622614346874,155.92622614346874,2.1317823271488976,0.041,0.16455618368015468,0.3682176728511024,1.1732379244880295,1.7470117810192867,156.5,157.67323792448803,2023-06-06 16:13:45,2023-06-07 06:00:00,2023-06-08 10:09:27,Wednesday,6
100,d,2,0,155.92622614346874,157.67323792448803,3.7596947754674943,0.041,0.04545685097946517,0.0,0.0963177629115909,0.1827746138910561,157.7596947754675,157.85601253837908,2023-06-06 16:13:45,2023-06-08 12:13:57,2023-06-08 14:32:39,Thursday,12
101,c,1,0,158.75296020919245,158.75296020919245,5.037872163877637,0.041,0.24391195468517424,2.462127836122363,8.353870556975423,11.10091034778296,161.5,169.85387055697544,2023-06-09 12:04:15,2023-06-12 06:00:00,2023-06-20 14:29:34,Monday,6
101,d,2,0,158.75296020919245,169.8538705569754,2.233325509024894,0.041,0.3384549520494775,0.266674490975106,0.20421258907153692,0.8503420320961204,170.5,170.70421258907155,2023-06-09 12:04:15,2023-06-21 06:00:00,2023-06-21 10:54:03,Wednesday,6
101,f,3,0,158.75296020919245,170.70421258907152,2.9313868163709174,0.041,0.18617422729940145,0.0,0.8513799519521237,1.0785541792515252,170.93138681637092,171.78276676832303,2023-06-09 12:04:15,2023-06-21 16:21:11,2023-06-22 12:47:11,Wednesday,16
102,d,1,0,159.02454827999586,159.02454827999586,5.45776596995475,0.0,0.4332176899588929,2.0422340300452504,1.0252066495122902,3.500658369516434,161.5,162.52520664951228,2023-06-09 18:35:20,2023-06-12 06:00:00,2023-06-13 06:36:17,Monday,6
102,b,2,0,159.02454827999586,162.52520664951228,1.8322410260105926,0.123,0.1840343764983094,0.0,0.1769761617346281,0.4840105382329375,162.8322410260106,163.0092171877452,2023-06-09 18:35:20,2023-06-13 13:58:25,2023-06-13 18:13:16,Tuesday,13
102,d,3,0,159.02454827999586,163.00921718774524,2.108819817508305,0.082,0.017602629763082713,0.39118018249169495,1.821631131443414,2.3124139436981914,163.5,165.3216311314434,2023-06-09 18:35:20,2023-06-14 06:00:00,2023-06-16 01:43:08,Wednesday,6
102,c,4,0,159.02454827999586,165.32163113144344,4.390558707052492,0.041,0.027927575609062394,0.10944129294750837,0.21819819578026198,0.39656706433683275,165.5,165.71819819578027,2023-06-09 18:35:20,2023-06-16 06:00:00,2023-06-16 11:14:12,Friday,6
102,c,5,0,159.02454827999586,165.71819819578027,5.029207877573157,0.123,0.18800968179287805,2.470792122426843,2.5292938688695377,5.311095673089259,168.5,171.02929386886953,2023-06-09 18:35:20,2023-06-19 06:00:00,2023-06-21 18:42:10,Monday,6
102,f,6,0,159.02454827999586,171.02929386886953,3.1423049686349884,0.082,0.031011099765471162,0.3576950313650116,0.4613715621563971,0.9320776932868798,171.5,171.9613715621564,2023-06-09 18:35:20,2023-06-22 06:00:00,2023-06-22 17:04:22,Thursday,6
102,b,7,0,159.02454827999586,171.96137156215642,4.05172984624744,0.082,0.008358284091016853,0.44827015375255996,2.581752684210632,3.1203811220542086,172.5,175.08175268421064,2023-06-09 18:35:20,2023-06-23 06:00:00,2023-06-25 19:57:43,Friday,6
103,e,1,0,162.43354222379276,162.43354222379276,1.515863725004749,0.041,0.04132150121200559,0.0,0.349079908515051,0.4314014097270566,162.51586372500475,162.8649436335198,2023-06-13 04:24:18,2023-06-13 06:22:50,2023-06-13 14:45:31,Tuesday,6
103,e,2,0,162.43354222379276,162.8649436335198,2.0302319552085066,0.082,0.08328832168869733,0.46976804479149337,0.03974950525583343,0.6748058717360241,163.49999999999997,163.5397495052558,2023-06-13 04:24:18,2023-06-14 05:59:59,2023-06-14 06:57:14,Wednesday,5
103,e,3,0,162.43354222379276,163.53974950525583,2.679408926938578,0.123,0.01665942168276304,0.0,2.0275504260461203,2.1672098477288833,163.67940892693858,165.7069593529847,2023-06-13 04:24:18,2023-06-14 10:18:20,2023-06-16 10:58:01,Wednesday,10
103,f,4,0,162.43354222379276,165.7069593529847,4.811491525433809,0.041,0.06353217244909344,0.0,0.3427268307272783,0.4472590031763717,165.8114915254338,166.1542183561611,2023-06-13 04:24:18,2023-06-16 13:28:32,2023-06-16 21:42:04,Friday,13
103,d,5,0,162.43354222379276,166.1542183561611,5.274114686014201,0.082,0.037896329853104996,2.225885313985799,4.937655702072408,7.283437345911311,168.5,173.43765570207242,2023-06-13 04:24:18,2023-06-19 06:00:00,2023-06-24 04:30:13,Monday,6
103,f,6,0,162.43354222379276,173.43765570207242,5.454349023217674,0.0,0.016693321145268294,2.0456509767823263,3.7855863455772316,5.847930643504826,175.5,179.28558634557723,2023-06-13 04:24:18,2023-06-26 06:00:00,2023-06-30 00:51:14,Monday,6
104,e,1,0,162.5892681112824,162.5892681112824,1.85012170872335,0.082,0.1788535974409656,0.0,0.27258217381173694,0.5334357712527025,162.85012170872335,163.1227038825351,2023-06-13 08:08:32,2023-06-13 14:24:10,2023-06-13 20:56:41,Tuesday,14
104,e,2,0,162.5892681112824,163.1227038825351,2.492243978278907,0.041,0.3285400957438249,0.0077560217210930205,0.20188216884834415,0.5791782863132621,163.5,163.70188216884836,2023-06-13 08:08:32,2023-06-14 06:00:00,2023-06-14 10:50:42,Wednesday,6
104,b,3,0,162.5892681112824,163.70188216884836,2.8529243808795286,0.123,0.028042212031174962,0.0,4.930261530781169,5.081303742812344,163.85292438087953,168.7831859116607,2023-06-13 08:08:32,2023-06-14 14:28:12,2023-06-19 12:47:47,Wednesday,14
104,e,4,0,162.5892681112824,168.7831859116607,0.9186750699370236,0.082,0.053489158276325936,0.0,7.540834096164781,7.676323254441107,168.91867506993702,176.4595091661018,2023-06-13 08:08:32,2023-06-19 16:02:53,2023-06-27 05:01:41,Monday,16
104,d,5,0,162.5892681112824,176.4595091661018,1.5010138043891743,0.041,0.000504638287364834,0.0,1.2454594630917895,1.2869641013791542,176.50101380438917,177.74647326748095,2023-06-13 08:08:32,2023-06-27 06:01:27,2023-06-28 11:54:55,Tuesday,6
104,f,6,0,162.5892681112824,177.74647326748095,3.0613411761139844,0.041,0.27386790863302485,0.4386588238860156,11.462381460441373,12.215908192960413,178.5,189.96238146044138,2023-06-13 08:08:32,2023-06-29 06:00:00,2023-07-10 17:05:49,Thursday,6
104,e,7,0,162.5892681112824,189.96238146044135,1.0462437464919674,0.082,0.0018622860506237152,0.4537562535080326,1.331190032472977,1.8688085720316334,190.5,191.831190032473,2023-06-13 08:08:32,2023-07-11 06:00:00,2023-07-12 13:56:54,Tuesday,6
104,b,8,0,162.5892681112824,191.831190032473,2.918042148247622,0.041,0.04585211577464367,0.0,0.20465643663370547,0.29150855240834916,191.91804214824762,192.12269858488133,2023-06-13 08:08:32,2023-07-12 16:01:58,2023-07-12 20:56:41,Wednesday,16
104,b,9,0,162.5892681112824,192.12269858488133,3.1359859913424657,0.0,0.013287406461129067,0.3640140086575343,7.516981122510866,7.894282537629529,192.5,200.01698112251086,2023-06-13 08:08:32,2023-07-13 06:00:00,2023-07-20 18:24:27,Thursday,6
104,c,10,0,162.5892681112824,200.01698112251086,4.069350752346708,0.0,0.052369629835842396,0.4306492476532924,0.8346583135562072,1.317677191045342,200.5,201.33465831355622,2023-06-13 08:08:32,2023-07-21 06:00:00,2023-07-22 02:01:54,Friday,6
104,f,11,0,162.5892681112824,201.3346583135562,5.421104155351657,0.082,0.004445841795470743,2.0788958446483434,0.6065893792877941,2.771931065731608,203.5,204.10658937928778,2023-06-13 08:08:32,2023-07-24 06:00:00,2023-07-24 20:33:29,Monday,6
104,f,12,0,162.5892681112824,204.1065893792878,1.2964371863701558,0.082,0.10784780708233244,0.20356281362984419,0.09795573624422195,0.4913663569563986,204.49999999999997,204.5979557362442,2023-06-13 08:08:32,2023-07-25 05:59:59,2023-07-25 08:21:03,Tuesday,5
104,c,13,0,162.5892681112824,204.59795573624422,1.6442962887430497,0.041,0.0053405524988322396,0.0,0.06669780772311176,0.113038360221944,204.64429628874305,204.71099409646615,2023-06-13 08:08:32,2023-07-25 09:27:47,2023-07-25 11:03:49,Tuesday,9
104,c,14,0,162.5892681112824,204.71099409646615,1.8511149525768644,0.082,0.058120856110709655,0.0,0.34780341496925116,0.48792427107996084,204.85111495257686,205.19891836754613,2023-06-13 08:08:32,2023-07-25 14:25:36,2023-07-25 22:46:26,Tuesday,14
104,b,15,0,162.5892681112824,205.1989183675461,2.2642391575050738,0.041,0.02432078995896464,0.23576084249492624,8.826797420050177,9.127879052504067,205.5,214.32679742005018,2023-06-13 08:08:32,2023-07-26 06:00:00,2023-08-04 01:50:35,Wednesday,6
105,c,1,0,163.917696037726,163.917696037726,3.0793263755529665,0.0,0.16163033782697278,0.4206736244470335,0.43456194010018423,1.0168659023741906,164.5,164.9345619401002,2023-06-14 16:01:28,2023-06-15 06:00:00,2023-06-15 16:25:46,Thursday,6
106,e,1,0,169.72607069987706,169.72607069987706,1.8543143671921882,0.041,0.087243667315134,0.0,0.770232644217573,0.898476311532707,169.8543143671922,170.62454701140976,2023-06-20 11:25:32,2023-06-20 14:30:12,2023-06-21 08:59:20,Tuesday,14
107,e,1,0,169.86027357897277,169.86027357897277,2.1524223862164718,0.082,0.21014880724370047,0.34757761378352825,0.7233412269272266,1.3630676479544552,170.5,171.22334122692723,2023-06-20 14:38:47,2023-06-21 06:00:00,2023-06-21 23:21:36,Wednesday,6
107,b,2,0,169.86027357897277,171.22334122692723,3.3164336713602154,0.082,0.011092444432979706,0.18356632863978462,0.20086167934049515,0.47752045241325947,171.5,171.7008616793405,2023-06-20 14:38:47,2023-06-22 06:00:00,2023-06-22 10:49:14,Thursday,6
107,e,3,0,169.86027357897277,171.7008616793405,3.9448529162618513,0.0,0.24399123692133254,0.0,1.9497357715210855,2.193727008442418,171.94485291626185,173.89458868778294,2023-06-20 14:38:47,2023-06-22 16:40:35,2023-06-24 15:28:12,Thursday,16
107,d,4,0,169.86027357897277,173.8945886877829,6.01004674983065,0.0,0.11545806204773562,1.48995325016935,0.4838482841684318,2.0892595963855176,175.5,175.98384828416843,2023-06-20 14:38:47,2023-06-26 06:00:00,2023-06-26 17:36:44,Monday,6
107,c,5,0,169.86027357897277,175.98384828416843,1.0828500724070977,0.041,0.05800178823867304,0.41714992759290226,0.48395515393975663,1.000106869771332,176.5,176.98395515393975,2023-06-20 14:38:47,2023-06-27 06:00:00,2023-06-27 17:36:53,Tuesday,6
107,f,6,0,169.86027357897277,176.98395515393977,2.0441563313582947,0.041,0.019201177418512443,0.45584366864170534,0.676886787604532,1.1929316336647497,177.5,178.17688678760453,2023-06-20 14:38:47,2023-06-28 06:00:00,2023-06-28 22:14:43,Wednesday,6
107,c,7,0,169.86027357897277,178.17688678760453,3.2557573610525026,0.041,0.03787057344797774,0.24424263894749743,1.7274421127736352,2.0505553251691104,178.5,180.22744211277364,2023-06-20 14:38:47,2023-06-29 06:00:00,2023-06-30 23:27:30,Thursday,6
107,b,8,0,169.86027357897277,180.22744211277364,5.273868615830224,0.041,0.005426503056576656,2.2261313841697756,1.6298949295205825,3.902452816746935,182.5,184.1298949295206,2023-06-20 14:38:47,2023-07-03 06:00:00,2023-07-04 21:07:02,Monday,6
107,e,9,0,169.86027357897277,184.1298949295206,2.176035829579831,0.041,0.005140900059241223,0.3239641704201688,2.464960412054111,2.835065482533521,184.5,186.9649604120541,2023-06-20 14:38:47,2023-07-05 06:00:00,2023-07-07 17:09:32,Wednesday,6
108,b,1,0,170.58391201034846,170.58391201034846,2.6257303359255104,0.0,0.04181832557706516,0.0,0.12190435265492716,0.16372267823199232,170.6257303359255,170.74763468858043,2023-06-21 08:00:49,2023-06-21 09:01:03,2023-06-21 11:56:35,Wednesday,9
108,d,2,0,170.58391201034846,170.74763468858046,2.8373198794647863,0.082,0.0076851908843352,0.0,0.21562895206862737,0.30531414295296255,170.8373198794648,171.05294883153343,2023-06-21 08:00:49,2023-06-21 14:05:44,2023-06-21 19:16:14,Wednesday,14
108,c,3,0,170.58391201034846,171.05294883153343,3.077673778564815,0.0,0.024724947031391015,0.42232622143518483,1.2382365486325293,1.6852877170991052,171.5,172.73823654863253,2023-06-21 08:00:49,2023-06-22 06:00:00,2023-06-23 11:43:03,Thursday,6
108,c,4,0,170.58391201034846,172.73823654863253,4.831273562265579,0.082,0.011037013633044416,0.0,2.6383782500960304,2.7314152637290747,172.83127356226558,175.4696518123616,2023-06-21 08:00:49,2023-06-23 13:57:02,2023-06-26 05:16:17,Friday,13
108,d,5,0,170.58391201034846,175.4696518123616,0.7032537187795924,0.082,0.15160190641799542,0.0,4.600939831334636,4.834541737752631,175.7032537187796,180.30419355011423,2023-06-21 08:00:49,2023-06-26 10:52:41,2023-07-01 01:18:02,Monday,10
108,d,6,0,170.58391201034846,180.30419355011423,5.34746482993927,0.041,0.002271279825026304,2.1525351700607303,0.23567308084890354,2.4314795307346597,182.5,182.7356730808489,2023-06-21 08:00:49,2023-07-03 06:00:00,2023-07-03 11:39:22,Monday,6
109,c,1,0,172.1147795495911,172.1147795495911,4.184251576093544,0.041,0.02847202650242713,0.31574842390645586,0.12537105816161603,0.5105915085704991,172.49999999999997,172.6253710581616,2023-06-22 20:45:16,2023-06-23 05:59:59,2023-06-23 09:00:32,Friday,5
109,b,2,0,172.1147795495911,172.6253710581616,4.728213369387959,0.082,0.02084231122637926,0.0,0.07421649043725577,0.17705880166363502,172.72821336938796,172.80242985982522,2023-06-22 20:45:16,2023-06-23 11:28:37,2023-06-23 13:15:29,Friday,11
109,b,3,0,172.1147795495911,172.80242985982522,4.962367539212096,0.082,0.07793767938687823,0.0,0.5846558707632085,0.7445935501500867,172.9623675392121,173.5470234099753,2023-06-22 20:45:16,2023-06-23 17:05:48,2023-06-24 07:07:42,Friday,17
109,d,4,0,172.1147795495911,173.5470234099753,5.796663739919836,0.082,0.16764032994451555,1.7033362600801638,0.1909098522597308,2.14388644228441,175.49999999999997,175.6909098522597,2023-06-22 20:45:16,2023-06-26 05:59:59,2023-06-26 10:34:54,Monday,5
109,b,5,0,172.1147795495911,175.69090985225972,0.7773652147228063,0.082,0.004455362463091046,0.0,5.266342277404431,5.352797639867521,175.7773652147228,181.04370749212723,2023-06-22 20:45:16,2023-06-26 12:39:24,2023-07-01 19:02:56,Monday,12
109,c,6,0,172.1147795495911,181.04370749212725,6.092617257400661,0.0,0.04890976527339715,1.4073827425993386,0.718516962216227,2.1748094700889626,182.5,183.21851696221623,2023-06-22 20:45:16,2023-07-03 06:00:00,2023-07-03 23:14:39,Monday,6
109,e,7,0,172.1147795495911,183.21851696221623,1.2828013499139388,0.041,0.023284387697719344,0.2171986500860612,1.5501106986559745,1.8315937364397552,183.5,185.05011069865597,2023-06-22 20:45:16,2023-07-04 06:00:00,2023-07-05 19:12:09,Tuesday,6
110,c,1,0,172.32919898850915,172.32919898850915,4.479842133818096,0.082,0.0686431453089439,0.020157866181904183,1.4586212003991315,1.6294222118899795,172.5,173.95862120039914,2023-06-23 01:54:02,2023-06-23 06:00:00,2023-06-24 17:00:24,Friday,6
110,e,2,0,172.32919898850915,173.95862120039914,6.078006502913098,0.041,0.07838530251396876,1.421993497086902,1.2155029513723117,2.756881750973182,175.5,176.71550295137232,2023-06-23 01:54:02,2023-06-26 06:00:00,2023-06-27 11:10:19,Monday,6
111,c,1,0,173.16979540845944,173.16979540845944,5.246995839905935,0.0,0.07720043144648821,2.253004160094065,2.5968353488958726,4.927039940436426,175.5,178.09683534889587,2023-06-23 22:04:30,2023-06-26 06:00:00,2023-06-28 20:19:26,Monday,6
111,c,2,0,173.16979540845944,178.09683534889587,3.1445252931453354,0.0,0.047689944249461824,0.35547470685466465,3.055546842462861,3.4587114935669874,178.5,181.55554684246286,2023-06-23 22:04:30,2023-06-29 06:00:00,2023-07-02 07:19:59,Thursday,6
111,e,3,0,173.16979540845944,181.55554684246286,6.6324206122053795,0.041,0.035873769742506806,0.8675793877946205,0.20201776776919242,1.1464709253063197,182.49999999999997,182.70201776776918,2023-06-23 22:04:30,2023-07-03 05:59:59,2023-07-03 10:50:54,Monday,5
112,e,1,0,181.1068186748975,181.1068186748975,6.400405084027938,0.123,0.1705864091304251,1.0995949159720624,0.8002752160486154,2.193456541151103,182.5,183.30027521604862,2023-07-01 20:33:49,2023-07-03 06:00:00,2023-07-04 01:12:23,Monday,6
112,c,2,0,181.1068186748975,183.30027521604862,1.5187861219604315,0.082,0.1365109059118243,0.0,2.396263581685998,2.6147744875978223,183.51878612196043,185.91504970364642,2023-07-01 20:33:49,2023-07-04 06:27:03,2023-07-06 15:57:40,Tuesday,6
112,b,3,0,181.1068186748975,185.91504970364645,4.029204164309618,0.041,0.07315446066318575,0.47079583569038164,5.207589374774861,5.792539671128429,186.5,191.70758937477487,2023-07-01 20:33:49,2023-07-07 06:00:00,2023-07-12 10:58:55,Friday,6
112,b,4,0,181.1068186748975,191.70758937477487,2.8047845916268273,0.041,0.05619521685196676,0.0,0.3480114539416377,0.44520667079360443,191.80478459162683,192.15279604556846,2023-07-01 20:33:49,2023-07-12 13:18:53,2023-07-12 21:40:01,Wednesday,13
112,b,5,0,181.1068186748975,192.15279604556846,3.2360717012511486,0.041,0.042275655682693106,0.2639282987488514,6.173322377150052,6.520526331581597,192.5,198.67332237715004,2023-07-01 20:33:49,2023-07-13 06:00:00,2023-07-19 10:09:35,Thursday,6
112,f,6,0,181.1068186748975,198.67332237715007,2.758328410296599,0.082,0.003006033146525949,0.0,4.4077116978828474,4.492717731029374,198.7583284102966,203.16604010817946,2023-07-01 20:33:49,2023-07-19 12:11:59,2023-07-23 21:59:05,Wednesday,12
112,e,7,0,181.1068186748975,203.16604010817946,0.31710715628793196,0.123,0.02806704810847976,0.18289284371206804,3.6685849383417164,4.002544830162265,203.5,207.16858493834172,2023-07-01 20:33:49,2023-07-24 06:00:00,2023-07-27 22:02:45,Monday,6
112,f,8,0,181.1068186748975,207.16858493834172,4.215869174386171,0.041,0.006284236044454401,0.2841308256138291,0.14278925477292256,0.4742043164312061,207.5,207.64278925477294,2023-07-01 20:33:49,2023-07-28 06:00:00,2023-07-28 09:25:36,Friday,6
112,f,9,0,181.1068186748975,207.64278925477294,4.809938934391226,0.123,0.04414967961829663,0.0,0.07257765277738315,0.23972733239567978,207.80993893439123,207.8825165871686,2023-07-01 20:33:49,2023-07-28 13:26:18,2023-07-28 15:10:49,Friday,13
112,f,10,0,181.1068186748975,207.88251658716862,5.051048906986495,0.0,0.16853231981786182,2.4489510930135054,1.0885820708094518,3.706065483640819,210.5,211.58858207080945,2023-07-01 20:33:49,2023-07-31 06:00:00,2023-08-01 08:07:33,Monday,6
112,c,11,0,181.1068186748975,211.58858207080945,1.785441077964549,0.082,0.1148590071551014,0.0,2.242012364772088,2.4388713719271893,211.78544107796455,214.02745344273663,2023-07-01 20:33:49,2023-08-01 12:51:02,2023-08-03 18:39:31,Tuesday,12
112,b,12,0,181.1068186748975,214.02745344273663,4.0732021113539645,0.041,0.004748668617328714,0.4267978886460355,0.19364199786964248,0.6661885551330067,214.5,214.69364199786963,2023-07-01 20:33:49,2023-08-04 06:00:00,2023-08-04 10:38:50,Friday,6
112,b,13,0,181.1068186748975,214.69364199786963,4.817597251394687,0.082,0.0419552535250463,0.0,3.211404341495937,3.335359595020983,214.8175972513947,218.02900159289064,2023-07-01 20:33:49,2023-08-04 13:37:20,2023-08-07 18:41:45,Friday,13
112,c,14,0,181.1068186748975,218.0290015928906,1.121954840632327,0.082,0.010953247741717487,0.378045159367673,2.7503607197920656,3.221359126901456,218.5,221.25036071979207,2023-07-01 20:33:49,2023-08-08 06:00:00,2023-08-11 00:00:31,Tuesday,6
112,b,15,0,181.1068186748975,221.25036071979207,4.406373353677196,0.082,0.07401263388512525,0.09362664632280371,3.433854808308092,3.6834940885160212,221.5,224.9338548083081,2023-07-01 20:33:49,2023-08-11 06:00:00,2023-08-14 16:24:45,Friday,6
112,d,16,0,181.1068186748975,224.9338548083081,0.9706226155924185,0.0,0.03676780728432682,0.0,0.5295036701467446,0.5662714774310714,224.97062261559242,225.50012628573916,2023-07-01 20:33:49,2023-08-14 17:17:41,2023-08-15 06:00:10,Monday,17
112,c,17,0,181.1068186748975,225.50012628573916,1.642566648315892,0.123,0.019440362576744624,0.0,6.706358915546664,6.848799278123408,225.6425666483159,232.34892556386257,2023-07-01 20:33:49,2023-08-15 09:25:17,2023-08-22 02:22:27,Tuesday,9
112,c,18,0,181.1068186748975,232.34892556386257,1.593438560543973,0.041,0.20351299668139775,0.0,1.0128565039886972,1.257369500670095,232.59343856054397,233.60629506453267,2023-07-01 20:33:49,2023-08-22 08:14:33,2023-08-23 08:33:03,Tuesday,8
112,d,19,0,181.1068186748975,233.60629506453267,2.8773522330217816,0.082,0.18905716848909623,0.0,1.0744029930955405,1.3454601615846369,233.87735223302175,234.95175522611729,2023-07-01 20:33:49,2023-08-23 15:03:23,2023-08-24 16:50:31,Wednesday,15
112,e,20,0,181.1068186748975,234.9517552261173,4.315436464134109,0.082,0.2816812380167867,0.18456353586589103,1.8963125800841534,2.444557353966831,235.49999999999997,237.39631258008413,2023-07-01 20:33:49,2023-08-25 05:59:59,2023-08-27 03:30:41,Friday,5
112,d,21,0,181.1068186748975,237.39631258008416,6.520254038278097,0.082,0.041941458193948365,0.9797459617219033,0.3627106883871502,1.466398108303002,238.5,238.86271068838715,2023-07-01 20:33:49,2023-08-28 06:00:00,2023-08-28 14:42:18,Monday,6
112,e,22,0,181.1068186748975,238.86271068838715,1.051209574521664,0.082,0.1064988861344967,0.4487904254783359,1.253990084028533,1.8912793956413656,239.49999999999997,240.75399008402852,2023-07-01 20:33:49,2023-08-29 05:59:59,2023-08-30 12:05:44,Tuesday,5
113,c,1,0,182.55817601022991,182.55817601022991,0.6655564096861042,0.041,0.06638039945620121,0.0,0.48753853425184374,0.5949189337080449,182.6655564096861,183.15309494393796,2023-07-03 07:23:46,2023-07-03 09:58:24,2023-07-03 21:40:27,Monday,9
114,f,1,0,182.89942018155207,182.89942018155207,0.9835295306448586,0.041,0.0431093490927938,0.0,2.2760713812491025,2.3601807303418965,182.98352953064486,185.25960091189395,2023-07-03 15:35:09,2023-07-03 17:36:16,2023-07-06 00:13:49,Monday,17
114,c,2,0,182.89942018155207,185.25960091189398,3.4100817538651143,0.123,0.02748084197113231,0.08991824613488575,3.667906243417037,3.908305331523055,185.5,189.16790624341704,2023-07-03 15:35:09,2023-07-06 06:00:00,2023-07-09 22:01:47,Thursday,6
115,c,1,0,184.02707084396602,184.02707084396602,2.1804447095624937,0.123,0.030373865596477798,0.3195552904375063,2.0367432684274824,2.5096724244614665,184.5,186.53674326842747,2023-07-04 18:38:58,2023-07-05 06:00:00,2023-07-07 06:52:54,Wednesday,6
115,f,2,0,184.02707084396602,186.53674326842747,4.750663370428612,0.082,0.1319201020011473,0.0,0.06965353113614017,0.28357363313728745,186.7506633704286,186.82031690156475,2023-07-04 18:38:58,2023-07-07 12:00:57,2023-07-07 13:41:15,Friday,12
116,c,1,0,188.54418976599274,188.54418976599274,6.736260864075632,0.041,0.15107109808289423,0.7637391359243679,0.2688547782450229,1.224665012252285,189.5,189.76885477824501,2023-07-09 07:03:37,2023-07-10 06:00:00,2023-07-10 12:27:09,Monday,6
117,b,1,0,193.02384085010036,193.02384085010036,4.093271967736598,0.041,0.028431117636229228,0.40672803226340193,0.3013942056127539,0.777553355512385,193.49999999999997,193.80139420561272,2023-07-13 18:34:19,2023-07-14 05:59:59,2023-07-14 13:14:00,Friday,5
117,e,2,0,193.02384085010036,193.80139420561275,4.883287808654927,0.041,0.04089360304217028,0.0,0.4452784342848924,0.5271720373270626,193.88328780865493,194.32856624293981,2023-07-13 18:34:19,2023-07-14 15:11:56,2023-07-15 01:53:08,Friday,15
117,d,3,0,193.02384085010036,194.32856624293981,5.377539481982183,0.041,0.007973239042369315,2.1224605180178173,4.456215934039722,6.627649691099909,196.5,200.95621593403973,2023-07-13 18:34:19,2023-07-17 06:00:00,2023-07-21 16:56:57,Monday,6
117,c,4,0,193.02384085010036,200.95621593403973,5.125943738788095,0.082,0.08772780474837,2.374056261211905,0.33013356806061045,2.8739176340208856,203.5,203.8301335680606,2023-07-13 18:34:19,2023-07-24 06:00:00,2023-07-24 13:55:23,Monday,6
117,c,5,0,193.02384085010036,203.83013356806063,0.916105966779952,0.041,0.04497239871933427,0.0,0.4605786208106623,0.5465510195299965,203.91610596677995,204.3766845875906,2023-07-13 18:34:19,2023-07-24 15:59:11,2023-07-25 03:02:25,Monday,15
117,f,6,0,193.02384085010036,204.37668458759063,1.5120405366462535,0.082,0.05335594905562381,0.0,0.9308288651589921,1.066184814214616,204.51204053664625,205.44286940180524,2023-07-13 18:34:19,2023-07-25 06:17:20,2023-07-26 04:37:43,Tuesday,6
117,e,7,0,193.02384085010036,205.44286940180524,2.7185335528632493,0.041,0.23466415105799998,0.0,3.9010074235139376,4.176671574571937,205.71853355286325,209.61954097637718,2023-07-13 18:34:19,2023-07-26 11:14:41,2023-07-30 08:52:08,Wednesday,11
118,e,1,0,196.1957381443652,196.1957381443652,0.6202584619447293,0.082,0.34252031757952706,0.0,0.21327079870153878,0.6377911162810659,196.62025846194473,196.83352926064626,2023-07-16 22:41:51,2023-07-17 08:53:10,2023-07-17 14:00:16,Monday,8
118,c,2,0,196.1957381443652,196.8335292606463,0.8977728285455271,0.041,0.02324356789924748,0.0,1.511213814212436,1.5754573821116835,196.89777282854553,198.40898664275795,2023-07-16 22:41:51,2023-07-17 15:32:47,2023-07-19 03:48:56,Monday,15
118,d,3,0,196.1957381443652,198.40898664275798,2.4752184734181526,0.041,0.02523183066017444,0.024781526581847402,1.159924441518154,1.2509377987601757,198.5,199.65992444151814,2023-07-16 22:41:51,2023-07-19 06:00:00,2023-07-20 09:50:17,Wednesday,6
118,d,4,0,196.1957381443652,199.65992444151814,3.747932676408965,0.082,0.006008234890833042,0.0,1.9046656512352589,1.992673886126092,199.74793267640896,201.65259832764423,2023-07-16 22:41:51,2023-07-20 11:57:01,2023-07-22 09:39:44,Thursday,11
119,d,1,0,196.30039493535557,196.30039493535557,0.5041229828038922,0.082,0.12172804744832709,0.0,0.028833442861314718,0.23256149030964182,196.5041229828039,196.53295642566522,2023-07-17 01:12:34,2023-07-17 06:05:56,2023-07-17 06:47:27,Monday,6
119,e,2,0,196.30039493535557,196.53295642566522,0.7252540794798392,0.041,0.1512976538146258,0.0,0.1427445054160685,0.3350421592306943,196.72525407947984,196.8679985848959,2023-07-17 01:12:34,2023-07-17 11:24:21,2023-07-17 14:49:55,Monday,11
119,d,3,0,196.30039493535557,196.8679985848959,0.951988758975773,0.041,0.04299017407985878,0.0,3.8591391685813017,3.9431293426611607,196.95198875897574,200.81112792755704,2023-07-17 01:12:34,2023-07-17 16:50:51,2023-07-21 13:28:01,Monday,16
119,d,4,0,196.30039493535557,200.81112792755707,4.99614817982993,0.082,0.1030202522728561,0.0,0.14367456503909845,0.3286948173119546,200.99614817982993,201.13982274486904,2023-07-17 01:12:34,2023-07-21 17:54:27,2023-07-21 21:21:20,Friday,17
119,e,5,0,196.30039493535557,201.139822744869,5.256576173044067,0.082,0.03475342817504907,2.243423826955933,3.5080981477249034,5.868275402855886,203.49999999999997,207.00809814772487,2023-07-17 01:12:34,2023-07-24 05:59:59,2023-07-27 18:11:39,Monday,5
119,d,6,0,196.30039493535557,207.0080981477249,4.121159305659006,0.082,0.03106115793410537,0.3788406943409939,2.36016729251453,2.8520691447896294,207.5,209.86016729251452,2023-07-17 01:12:34,2023-07-28 06:00:00,2023-07-30 14:38:38,Friday,6
119,f,7,0,196.30039493535557,209.86016729251452,0.05159336239159984,0.041,0.15042606987707474,0.44840663760840016,3.369668765026544,4.009501472512019,210.5,213.86966876502655,2023-07-17 01:12:34,2023-07-31 06:00:00,2023-08-03 14:52:19,Monday,6
119,e,8,0,196.30039493535557,213.86966876502655,4.21051722161269,0.041,0.2998484565861423,0.28948277838730974,0.31493623703388185,0.9452674720073339,214.5,214.8149362370339,2023-07-17 01:12:34,2023-08-04 06:00:00,2023-08-04 13:33:30,Friday,6
119,c,9,0,196.30039493535557,214.8149362370339,4.859943381821751,0.041,0.004007144787857307,0.0,4.912020500882295,4.957027645670152,214.85994338182175,219.77196388270406,2023-07-17 01:12:34,2023-08-04 14:38:19,2023-08-09 12:31:37,Friday,14
119,e,10,0,196.30039493535557,219.77196388270403,2.8175527081195355,0.041,0.004588825415519987,0.0,2.2861024673750374,2.3316912927905573,219.81755270811954,222.10365517549457,2023-07-17 01:12:34,2023-08-09 13:37:16,2023-08-11 20:29:15,Wednesday,13
120,c,1,0,197.99112151433974,197.99112151433974,2.206879656076268,0.123,0.0927581417365222,0.2931203439237322,1.4470601772985296,1.955938662958784,198.49999999999997,199.9470601772985,2023-07-18 17:47:12,2023-07-19 05:59:59,2023-07-20 16:43:45,Wednesday,5
120,e,2,0,197.99112151433974,199.9470601772985,4.034847619812979,0.0,0.08778744251447139,0.4651523801870212,3.8011040846875686,4.354043907389061,200.5,204.30110408468758,2023-07-18 17:47:12,2023-07-21 06:00:00,2023-07-25 01:13:35,Friday,6
120,e,3,0,197.99112151433974,204.30110408468758,1.5260552879313423,0.0,0.2249512032437634,0.0,1.586370293797033,1.8113214970407965,204.52605528793134,206.1124255817284,2023-07-18 17:47:12,2023-07-25 06:37:31,2023-07-26 20:41:53,Tuesday,6
121,d,1,0,199.4637698815338,199.4637698815338,3.5933095193275904,0.123,0.006539637793788526,0.0,1.7000379836696635,1.829577621463452,199.5933095193276,201.29334750299725,2023-07-20 05:07:49,2023-07-20 08:14:21,2023-07-22 01:02:25,Thursday,8
122,f,1,0,199.48805783876617,199.48805783876617,3.6397967742676656,0.082,0.06973893550148877,0.0,2.3058205662518287,2.4575595017533174,199.63979677426764,201.94561734051948,2023-07-20 05:42:48,2023-07-20 09:21:18,2023-07-22 16:41:41,Thursday,9
122,f,2,0,199.48805783876617,201.94561734051948,6.09260732377723,0.041,0.10598998325775595,1.40739267622277,0.013702130730935218,1.5680847902114612,203.5,203.51370213073093,2023-07-20 05:42:48,2023-07-24 06:00:00,2023-07-24 06:19:43,Monday,6
122,c,3,0,199.48805783876617,203.51370213073093,0.5982008960531573,0.082,0.0024987653222132943,0.0,0.16392199035105073,0.24842075567326405,203.59820089605313,203.76212288640417,2023-07-20 05:42:48,2023-07-24 08:21:24,2023-07-24 12:17:27,Monday,8
122,b,4,0,199.48805783876617,203.7621228864042,1.1528354362093864,0.0,0.3907125498051767,0.34716456379061356,0.5510697003703166,1.2889468139661067,204.5,205.0510697003703,2023-07-20 05:42:48,2023-07-25 06:00:00,2023-07-25 19:13:32,Tuesday,6
123,d,1,0,203.96767924738916,203.96767924738916,1.2170630068053185,0.041,0.2083837594161612,0.28293699319468146,1.4293069425951568,1.9616276952059994,204.5,205.92930694259516,2023-07-24 17:13:27,2023-07-25 06:00:00,2023-07-26 16:18:12,Tuesday,6
123,c,2,0,203.96767924738916,205.92930694259516,3.0058210791868305,0.041,0.035514136591662256,0.4941789208131695,6.266029279093465,6.836722336498297,206.5,212.76602927909346,2023-07-24 17:13:27,2023-07-27 06:00:00,2023-08-02 12:23:04,Thursday,6
123,e,3,0,203.96767924738916,212.76602927909346,2.9503123480324973,0.123,0.061283068939046295,0.0,7.964194314048413,8.14847738298746,212.9503123480325,220.9145066620809,2023-07-24 17:13:27,2023-08-02 16:48:26,2023-08-10 15:56:53,Wednesday,16
123,b,4,0,203.96767924738916,220.91450666208092,4.13389048430372,0.123,0.09638382222280842,0.36610951569628014,0.7538104603664201,1.3393037982855085,221.5,222.25381046036642,2023-07-24 17:13:27,2023-08-11 06:00:00,2023-08-12 00:05:29,Friday,6
123,c,5,0,203.96767924738916,222.25381046036642,5.367189428193683,0.041,0.0723789678272712,2.132810571806317,3.2288838692389126,5.4750734088725,224.5,227.7288838692389,2023-07-24 17:13:27,2023-08-14 06:00:00,2023-08-17 11:29:35,Monday,6
123,f,6,0,203.96767924738916,227.72888386923893,3.9357194971350964,0.082,0.12483562789616509,0.0,0.10454171820266225,0.3113773460988274,227.9357194971351,228.04026121533775,2023-07-24 17:13:27,2023-08-17 16:27:26,2023-08-17 18:57:58,Thursday,16
123,e,7,0,203.96767924738916,228.04026121533775,4.143329489290693,0.082,0.02106827395294134,0.3566705107093071,1.0301660209336725,1.489904805595921,228.5,229.53016602093368,2023-07-24 17:13:27,2023-08-18 06:00:00,2023-08-19 06:43:26,Friday,6
123,d,8,0,203.96767924738916,229.53016602093368,5.632902896359468,0.041,0.06173687542578607,1.867097103640532,0.31786615160724097,2.287700130673559,231.5,231.81786615160723,2023-07-24 17:13:27,2023-08-21 06:00:00,2023-08-21 13:37:43,Monday,6
123,b,9,0,203.96767924738916,231.81786615160723,0.9639367529489675,0.041,0.10507060134174578,0.0,0.04321246375916788,0.18928306510091367,231.96393675294897,232.00714921670814,2023-07-24 17:13:27,2023-08-21 17:08:04,2023-08-21 18:10:17,Monday,17
123,d,10,0,203.96767924738916,232.00714921670814,1.1669234679806095,0.082,0.0777742512724759,0.33307653201939047,1.7528746816523868,2.245725464944253,232.5,234.2528746816524,2023-07-24 17:13:27,2023-08-22 06:00:00,2023-08-24 00:04:08,Tuesday,6
123,c,11,0,203.96767924738916,234.2528746816524,3.5423029742179892,0.123,0.1664282925655871,0.0,4.247730013712549,4.537158306278136,234.542302974218,238.79003298793054,2023-07-24 17:13:27,2023-08-24 07:00:54,2023-08-28 12:57:38,Thursday,7
123,d,12,0,203.96767924738916,238.79003298793054,1.3735554510216446,0.082,0.501522463091099,0.12644454897835544,2.9875419855113763,3.697508997580831,239.5,242.48754198551137,2023-07-24 17:13:27,2023-08-29 06:00:00,2023-09-01 05:42:03,Tuesday,6
124,f,1,0,205.507288986328,205.507288986328,2.611136425876225,0.082,0.021847439548213454,0.0,8.399746907978844,8.503594347527057,205.61113642587623,214.01088333385508,2023-07-26 06:10:29,2023-07-26 08:40:02,2023-08-03 18:15:40,Wednesday,8
124,f,2,0,205.507288986328,214.01088333385508,4.169383802700622,0.082,0.07650046884555123,0.33061619729937775,0.01789837346867133,0.5070150396136003,214.5,214.51789837346868,2023-07-26 06:10:29,2023-08-04 06:00:00,2023-08-04 06:25:46,Friday,6
124,f,3,0,205.507288986328,214.51789837346868,4.782299097981138,0.123,0.14140072451246322,0.0,0.20993904705084332,0.47433977156330653,214.78229909798114,214.992238145032,2023-07-26 06:10:29,2023-08-04 12:46:30,2023-08-04 17:48:49,Friday,12
124,d,4,0,205.507288986328,214.992238145032,5.054191806292238,0.041,0.020953661260253643,2.4458081937077623,0.6778729718869873,3.185634826855003,217.5,218.17787297188698,2023-07-26 06:10:29,2023-08-07 06:00:00,2023-08-07 22:16:08,Monday,6
124,e,5,0,205.507288986328,218.17787297188698,1.2693794371527645,0.082,0.00950646526577534,0.23062056284723553,3.341575614097008,3.663702642210019,218.5,221.841575614097,2023-07-26 06:10:29,2023-08-08 06:00:00,2023-08-11 14:11:52,Tuesday,6
124,d,6,0,205.507288986328,221.841575614097,5.0711841193135,0.041,0.18860850521651784,2.4288158806865,1.0353180471116066,3.6937424330146245,224.5,225.53531804711162,2023-07-26 06:10:29,2023-08-14 06:00:00,2023-08-15 06:50:51,Monday,6
124,c,7,0,205.507288986328,225.53531804711162,1.6080692628167697,0.041,0.03175121570516388,0.0,2.4479929210335163,2.52074413673868,225.60806926281677,228.0560621838503,2023-07-26 06:10:29,2023-08-15 08:35:37,2023-08-17 19:20:43,Tuesday,8
124,f,8,0,205.507288986328,228.0560621838503,4.110537760137163,0.0,0.05447557628686783,0.3894622398628371,0.8623814847279384,1.3063193008776435,228.5,229.36238148472793,2023-07-26 06:10:29,2023-08-18 06:00:00,2023-08-19 02:41:49,Friday,6
124,b,9,0,205.507288986328,229.36238148472793,5.409357211770271,0.041,0.005975727042334317,2.0906427882297294,1.7437013509874433,3.8813198662595068,231.5,233.24370135098744,2023-07-26 06:10:29,2023-08-21 06:00:00,2023-08-22 23:50:55,Monday,6
124,d,10,0,205.507288986328,233.24370135098744,2.3657408929931307,0.082,0.04003954200570722,0.13425910700686927,2.950302235198262,3.2066008842108387,233.5,236.45030223519825,2023-07-26 06:10:29,2023-08-23 06:00:00,2023-08-26 04:48:26,Wednesday,6
124,b,11,0,205.507288986328,236.45030223519828,5.553050983337499,0.082,0.02074874813922554,1.9469490166625008,4.154550111224634,6.204247876026361,238.5,242.65455011122464,2023-07-26 06:10:29,2023-08-28 06:00:00,2023-09-01 09:42:33,Monday,6
124,d,12,0,205.507288986328,242.65455011122464,4.767698284980895,0.082,0.031148173756270405,0.0,4.924703493999817,5.037851667756088,242.7676982849809,247.69240177898072,2023-07-26 06:10:29,2023-09-01 12:25:29,2023-09-06 10:37:03,Friday,12
125,d,1,0,205.66230749161494,205.66230749161494,2.8249728762947086,0.041,0.12166538467977289,0.0,0.6383746412375916,0.8010400259173645,205.8249728762947,206.4633475175323,2023-07-26 09:53:43,2023-07-26 13:47:57,2023-07-27 05:07:13,Wednesday,13
125,e,2,0,205.66230749161494,206.4633475175323,3.758605475595232,0.041,0.2542579580629404,0.0,0.0813275455257939,0.37658550358873427,206.75860547559523,206.83993302112103,2023-07-26 09:53:43,2023-07-27 12:12:23,2023-07-27 14:09:30,Thursday,12
125,b,3,0,205.66230749161494,206.83993302112103,3.8854515288511493,0.041,0.004518507730134271,0.0,0.26291576892941954,0.3084342766595538,206.88545152885115,207.14836729778057,2023-07-26 09:53:43,2023-07-27 15:15:03,2023-07-27 21:33:38,Thursday,15
125,b,4,0,205.66230749161494,207.14836729778057,4.3405739947523045,0.082,0.11020669697172486,0.15942600524769546,1.3457863930251022,1.6974190952445225,207.49999999999997,208.84578639302507,2023-07-26 09:53:43,2023-07-28 05:59:59,2023-07-29 14:17:55,Friday,5
125,d,5,0,205.66230749161494,208.8457863930251,6.103347696096563,0.082,0.1755613030714612,1.396652303903437,1.9692560233063556,3.623469630281254,210.49999999999997,212.46925602330631,2023-07-26 09:53:43,2023-07-31 05:59:59,2023-08-02 05:15:43,Monday,5
125,f,6,0,205.66230749161494,212.46925602330634,2.6164479447609494,0.082,0.06519192145461654,0.0,8.129334037914205,8.276525959368822,212.61644794476095,220.74578198267517,2023-07-26 09:53:43,2023-08-02 08:47:41,2023-08-10 11:53:55,Wednesday,8
125,f,7,0,205.66230749161494,220.74578198267517,3.8377531666973823,0.041,0.05097118402220238,0.0,12.49757720387975,12.589548387901953,220.83775316669735,233.3353303705771,2023-07-26 09:53:43,2023-08-10 14:06:21,2023-08-23 02:02:52,Thursday,14
125,f,8,0,205.66230749161494,233.3353303705771,2.530258664976799,0.123,0.0719282943996743,0.0,0.011504502653815996,0.2064327970534903,233.53025866497677,233.5417631676306,2023-07-26 09:53:43,2023-08-23 06:43:34,2023-08-23 07:00:08,Wednesday,6
125,f,9,0,205.66230749161494,233.5417631676306,2.6100410942204917,0.041,0.02727792658991082,0.0,0.013563120594552789,0.08184104718446361,233.6100410942205,233.62360421481503,2023-07-26 09:53:43,2023-08-23 08:38:27,2023-08-23 08:57:59,Wednesday,8
125,e,10,0,205.66230749161494,233.62360421481506,2.7249361191652497,0.041,0.060331904350185796,0.0,0.04537924356453911,0.1467111479147249,233.72493611916525,233.77031536272978,2023-07-26 09:53:43,2023-08-23 11:23:54,2023-08-23 12:29:15,Wednesday,11
125,e,11,0,205.66230749161494,233.77031536272978,2.9013641800560492,0.041,0.09004881732628228,0.0,2.497837527751449,2.6288863450777313,233.90136418005605,236.3992017078075,2023-07-26 09:53:43,2023-08-23 15:37:57,2023-08-26 03:34:51,Wednesday,15
125,f,12,0,205.66230749161494,236.3992017078075,5.442109008811286,0.0,0.0429073010037946,2.0578909911887138,0.013321950442057383,2.114120242634566,238.5,238.51332195044205,2023-07-26 09:53:43,2023-08-28 06:00:00,2023-08-28 06:19:11,Monday,6
125,d,13,0,205.66230749161494,238.51332195044205,0.5627267977448582,0.041,0.008404847302804845,0.0,1.6423788239125547,1.6917836712153596,238.56272679774486,240.20510562165742,2023-07-26 09:53:43,2023-08-28 07:30:19,2023-08-29 22:55:21,Monday,7
125,f,14,0,205.66230749161494,240.2051056216574,2.2931578545895377,0.082,0.006052232932140785,0.2068421454104623,1.3894140676717617,1.6843084460143647,240.5,241.88941406767177,2023-07-26 09:53:43,2023-08-30 06:00:00,2023-08-31 15:20:45,Wednesday,6
125,d,15,0,205.66230749161494,241.88941406767177,4.316636007537312,0.082,0.3452219398655534,0.18336399246268797,0.778852698503996,1.3894386308322373,242.5,243.27885269850398,2023-07-26 09:53:43,2023-09-01 06:00:00,2023-09-02 00:41:32,Friday,6
125,e,16,0,205.66230749161494,243.278852698504,5.549155789717133,0.082,0.1883030912131185,1.9508442102828667,0.0927775569815043,2.3139248584774896,245.5,245.5927775569815,2023-07-26 09:53:43,2023-09-04 06:00:00,2023-09-04 08:13:35,Monday,6
126,c,1,0,206.2185840453869,206.2185840453869,3.3562833992237984,0.041,0.09669935383690177,0.14371660077620163,0.017691838253911157,0.2991077928670146,206.5,206.5176918382539,2023-07-26 23:14:45,2023-07-27 06:00:00,2023-07-27 06:25:28,Thursday,6
127,c,1,0,207.88624529403918,207.88624529403918,4.9576965715078245,0.041,0.03045127746864672,0.0,0.24577497036150583,0.3172262478301526,207.95769657150782,208.20347154186933,2023-07-28 15:16:11,2023-07-28 16:59:04,2023-07-28 22:52:59,Friday,16
127,c,2,0,207.88624529403918,208.20347154186933,5.245533544091643,0.041,0.001062002222296521,2.254466455908357,2.258298649647931,4.554827107778585,210.49999999999997,212.7582986496479,2023-07-28 15:16:11,2023-07-31 05:59:59,2023-08-02 12:11:57,Monday,5
127,c,3,0,207.88624529403918,212.7582986496479,2.882220654853512,0.123,0.0009220052056033431,0.0,1.035850523472461,1.1597725286780645,212.8822206548535,213.91807117832596,2023-07-28 15:16:11,2023-08-02 15:10:23,2023-08-03 16:02:01,Wednesday,15
127,c,4,0,207.88624529403918,213.918071178326,4.234282192264573,0.082,0.23421101393859872,0.2657178077354274,1.5520844642532958,2.134013285927322,214.5,216.05208446425328,2023-07-28 15:16:11,2023-08-04 06:00:00,2023-08-05 19:15:00,Friday,6
128,b,1,0,208.37198847908263,208.37198847908263,5.540052821852669,0.041,0.12706434277002646,1.9599471781473312,2.0142759469771776,4.142287467894535,210.5,212.51427594697716,2023-07-29 02:55:39,2023-07-31 06:00:00,2023-08-02 06:20:33,Monday,6
128,e,2,0,208.37198847908263,212.51427594697716,2.629005769979244,0.082,0.03272982300206744,0.0,1.8086463865850613,1.9233762095871287,212.62900576997922,214.43765215656427,2023-07-29 02:55:39,2023-08-02 09:05:46,2023-08-04 04:30:13,Wednesday,9
128,c,3,0,208.37198847908263,214.4376521565643,4.446569384848118,0.0,0.008917228283812726,0.053430615151881966,1.7578377168016788,1.8201855602373735,214.5,216.25783771680167,2023-07-29 02:55:39,2023-08-04 06:00:00,2023-08-06 00:11:17,Friday,6
128,c,4,0,208.37198847908263,216.25783771680167,6.447643592026054,0.041,0.14880587522438407,1.0523564079739458,3.9814008085028303,5.22356309170116,217.5,221.48140080850283,2023-07-29 02:55:39,2023-08-07 06:00:00,2023-08-11 05:33:13,Monday,6
128,b,5,0,208.37198847908263,221.48140080850283,4.612520774393602,0.082,0.04911996589076765,0.0,12.966404748403864,13.097524714294632,221.6125207743936,234.57892552279748,2023-07-29 02:55:39,2023-08-11 08:42:01,2023-08-24 07:53:39,Friday,8
128,f,6,0,208.37198847908263,234.57892552279745,3.864566022922446,0.123,0.1626405001249903,0.0,4.907262739177807,5.192903239302797,234.86456602292242,239.77182876210023,2023-07-29 02:55:39,2023-08-24 14:44:58,2023-08-29 12:31:26,Thursday,14
128,e,7,0,208.37198847908263,239.77182876210026,1.8908875559180842,0.082,0.03705879381783921,0.0,7.215433711293486,7.334492505111325,239.89088755591808,247.10632126721157,2023-07-29 02:55:39,2023-08-29 15:22:52,2023-09-05 20:33:06,Tuesday,15
128,b,8,0,208.37198847908263,247.10632126721157,2.4113120149102087,0.041,0.2639907476986287,0.08868798508979125,1.1894810607369908,1.5831597935254107,247.5,248.689481060737,2023-07-29 02:55:39,2023-09-06 06:00:00,2023-09-07 10:32:51,Wednesday,6
128,c,9,0,208.37198847908263,248.68948106073697,3.970996683978001,0.123,0.15851562324104712,0.0,3.212565964180972,3.494081587422019,248.970996683978,252.18356264815898,2023-07-29 02:55:39,2023-09-07 17:18:14,2023-09-10 22:24:19,Thursday,17
128,e,10,0,208.37198847908263,252.18356264815898,0.24307769571549898,0.041,0.01851504755651642,0.256922304284501,3.285874717760663,3.6023120696016804,252.5,255.78587471776066,2023-07-29 02:55:39,2023-09-11 06:00:00,2023-09-14 12:51:39,Monday,6
128,d,11,0,208.37198847908263,255.78587471776066,3.9269322886735267,0.082,0.05905757091287559,0.0,3.562120320706638,3.7031778916195135,255.92693228867353,259.48905260938017,2023-07-29 02:55:39,2023-09-14 16:14:46,2023-09-18 05:44:14,Thursday,16
129,e,1,0,208.39607546628332,208.39607546628332,5.533447253271731,0.082,0.05537178698841863,1.9665527467282686,2.130717235817632,4.234641769534319,210.5,212.63071723581763,2023-07-29 03:30:20,2023-07-31 06:00:00,2023-08-02 09:08:13,Monday,6
129,d,2,0,208.39607546628332,212.63071723581763,2.8728046372731626,0.082,0.16008740145554534,0.0,0.5564336554701536,0.7985210569256989,212.87280463727316,213.42923829274332,2023-07-29 03:30:20,2023-08-02 14:56:50,2023-08-03 04:18:06,Wednesday,14
129,b,3,0,208.39607546628332,213.42923829274332,3.564766819616807,0.0,0.13552852687348246,0.0,1.5429341601976687,1.6784626870711512,213.5647668196168,215.10770097981447,2023-07-29 03:30:20,2023-08-03 07:33:15,2023-08-04 20:35:05,Thursday,7
129,c,4,0,208.39607546628332,215.10770097981447,5.198529743830875,0.082,0.00882876401639401,2.301470256169125,1.7129639033568707,4.10526292354239,217.49999999999997,219.21296390335684,2023-07-29 03:30:20,2023-08-07 05:59:59,2023-08-08 23:06:40,Monday,5
129,b,5,0,208.39607546628332,219.21296390335687,2.269819887241624,0.041,0.015855983884750388,0.2301801127583758,6.337533011064945,6.624569107708071,219.5,225.83753301106495,2023-07-29 03:30:20,2023-08-09 06:00:00,2023-08-15 14:06:02,Wednesday,6
129,f,6,0,208.39607546628332,225.83753301106495,2.0786298336876428,0.082,0.15909682262268593,0.42137016631235724,10.3502681771799,11.012735166114943,226.49999999999997,236.85026817717988,2023-07-29 03:30:20,2023-08-16 05:59:59,2023-08-26 14:24:23,Wednesday,5
129,c,7,0,208.39607546628332,236.85026817717988,5.981454475504222,0.082,0.04918629832434482,1.518545524495778,3.1652152329718906,4.814947055792013,238.5,241.6652152329719,2023-07-29 03:30:20,2023-08-28 06:00:00,2023-08-31 09:57:54,Monday,6
129,d,8,0,208.39607546628332,241.6652152329719,3.758682731793698,0.082,0.011467498821795463,0.0,2.86273813522907,2.9562056340508653,241.75868273179367,244.62142086702275,2023-07-29 03:30:20,2023-08-31 12:12:30,2023-09-03 08:54:50,Thursday,12
129,b,9,0,208.39607546628332,244.62142086702275,6.8909844974353405,0.082,0.18756363041260526,0.6090155025646595,20.160064016916042,21.038643149893307,245.5,265.66006401691607,2023-07-29 03:30:20,2023-09-04 06:00:00,2023-09-24 09:50:29,Monday,6
130,d,1,0,208.7293735770975,208.7293735770975,6.090409903156768,0.041,0.3200363260592735,1.4095900968432318,1.8321267312261533,3.6027531541286586,210.5,212.33212673122614,2023-07-29 11:30:17,2023-07-31 06:00:00,2023-08-02 01:58:15,Monday,6
130,e,2,0,208.7293735770975,212.33212673122617,2.654167502862208,0.123,0.19904077163602624,0.0,0.935198454518648,1.2572392261546743,212.65416750286218,213.58936595738083,2023-07-29 11:30:17,2023-08-02 09:42:00,2023-08-03 08:08:41,Wednesday,9
130,e,3,0,208.7293735770975,213.58936595738083,3.788568932549623,0.082,0.1172029751687897,0.0,2.8752523855267067,3.0744553606954965,213.78856893254962,216.66382131807632,2023-07-29 11:30:17,2023-08-03 12:55:32,2023-08-06 09:55:54,Thursday,12
130,b,4,0,208.7293735770975,216.66382131807634,6.7688751226128545,0.082,0.02305380453649746,0.7311248773871455,4.62932996435601,5.465508646279654,217.49999999999997,222.12932996435597,2023-07-29 11:30:17,2023-08-07 05:59:59,2023-08-11 21:06:14,Monday,5
131,e,1,0,208.83502451835778,208.83502451835778,6.366935631436178,0.082,0.4499111130783979,1.1330643685638222,0.16981468029683977,1.8347901619390599,210.5,210.66981468029684,2023-07-29 14:02:26,2023-07-31 06:00:00,2023-07-31 10:04:31,Monday,6
131,e,2,0,208.83502451835778,210.66981468029684,0.8047818036668843,0.082,0.052967123370035785,0.0,1.5693909565302129,1.7043580799002487,210.80478180366686,212.37417276019707,2023-07-29 14:02:26,2023-07-31 13:18:53,2023-08-02 02:58:48,Monday,13
131,c,3,0,208.83502451835778,212.3741727601971,2.615198569443095,0.082,0.1590258092460037,0.0,3.020546696001896,3.2615725052478997,212.6151985694431,215.635745265445,2023-07-29 14:02:26,2023-08-02 08:45:53,2023-08-05 09:15:28,Wednesday,8
131,e,4,0,208.83502451835778,215.635745265445,5.68038943138896,0.041,0.0036441659439555435,1.81961056861104,1.4386574953483962,3.3029122299033915,217.5,218.9386574953484,2023-07-29 14:02:26,2023-08-07 06:00:00,2023-08-08 16:31:40,Monday,6
131,e,5,0,208.83502451835778,218.9386574953484,2.111137329676012,0.0,0.1724798343276275,0.3888626703239879,2.61145676438881,3.1727992690404254,219.5,222.1114567643888,2023-07-29 14:02:26,2023-08-09 06:00:00,2023-08-11 20:40:29,Wednesday,6
132,b,1,0,209.15339504541333,209.15339504541333,6.4205442504087955,0.041,0.22614920499544927,1.0794557495912045,3.5983020959259213,4.944907050512575,210.49999999999997,214.0983020959259,2023-07-29 21:40:53,2023-07-31 05:59:59,2023-08-03 20:21:33,Monday,5
132,d,2,0,209.15339504541333,214.0983020959259,4.228824807829085,0.082,0.04852271190318179,0.2711751921709151,0.044941950781459114,0.446639854855556,214.5,214.54494195078146,2023-07-29 21:40:53,2023-08-04 06:00:00,2023-08-04 07:04:42,Friday,6
132,f,3,0,209.15339504541333,214.54494195078146,4.593602696535214,0.041,0.007660745753741868,0.0,2.4189083919303784,2.4675691376841202,214.5936026965352,217.0125110884656,2023-07-29 21:40:53,2023-08-04 08:14:47,2023-08-06 18:18:00,Friday,8
132,f,4,0,209.15339504541333,217.01251108846557,0.017630577958499316,0.0,0.005119489492913442,0.4823694220415007,0.096826989016807,0.5843159005512212,217.5,217.59682698901682,2023-07-29 21:40:53,2023-08-07 06:00:00,2023-08-07 08:19:25,Monday,6
132,f,5,0,209.15339504541333,217.5968269890168,0.7877949607363632,0.082,0.10896797171958326,0.0,0.9707042298204064,1.1616722015399896,217.78779496073636,218.75849919055676,2023-07-29 21:40:53,2023-08-07 12:54:25,2023-08-08 12:12:14,Monday,12
133,e,1,0,209.32564931572372,209.32564931572372,6.41697940487785,0.082,0.009330089154116379,1.08302059512215,0.33338890937812854,1.5077395936543951,210.49999999999997,210.8333889093781,2023-07-30 01:48:56,2023-07-31 05:59:59,2023-07-31 14:00:04,Monday,5
134,e,1,0,214.65043457758617,214.65043457758617,4.888888661683836,0.123,0.11545408409768132,0.0,0.007803685717060645,0.24625776981474196,214.88888866168384,214.8966923474009,2023-08-04 09:36:37,2023-08-04 15:19:59,2023-08-04 15:31:14,Friday,15
134,c,2,0,214.65043457758617,214.89669234740091,4.958591663810068,0.041,0.020899316409166036,0.0,3.576272276402714,3.63817159281188,214.95859166381007,218.53486394021277,2023-08-04 09:36:37,2023-08-04 17:00:22,2023-08-08 06:50:12,Friday,17
134,b,3,0,214.65043457758617,218.5348639402128,1.6144389131012815,0.041,0.03857497288847403,0.0,1.219501664896732,1.299076637785206,218.61443891310128,219.83394057799802,2023-08-04 09:36:37,2023-08-08 08:44:47,2023-08-09 14:00:52,Tuesday,8
134,c,4,0,214.65043457758617,219.83394057799802,3.1200882813171233,0.0,0.28614770331910316,0.37991171868287665,0.1115261767208966,0.7775855987228764,220.5,220.6115261767209,2023-08-04 09:36:37,2023-08-10 06:00:00,2023-08-10 08:40:35,Thursday,6
134,f,5,0,214.65043457758617,220.6115261767209,3.8695231554918053,0.082,0.17599697877089163,0.0,3.012661144486092,3.270658123256984,220.86952315549178,223.88218429997787,2023-08-04 09:36:37,2023-08-10 14:52:06,2023-08-13 15:10:20,Thursday,14
134,c,6,0,214.65043457758617,223.8821842999779,0.05468406019585359,0.041,0.1314997602179501,0.4453159398041464,0.9584914737774549,1.5763071737995515,224.5,225.45849147377746,2023-08-04 09:36:37,2023-08-14 06:00:00,2023-08-15 05:00:13,Monday,6
134,f,7,0,214.65043457758617,225.45849147377746,1.5949049205428878,0.041,0.09541344676543481,0.0,1.210873111432743,1.3472865581981777,225.5949049205429,226.80577803197562,2023-08-04 09:36:37,2023-08-15 08:16:39,2023-08-16 13:20:19,Tuesday,8
134,b,8,0,214.65043457758617,226.80577803197562,3.018774730919006,0.041,0.17199669894338027,0.48122526908099417,2.0234415726220285,2.717663540646403,227.5,229.52344157262203,2023-08-04 09:36:37,2023-08-17 06:00:00,2023-08-19 06:33:45,Thursday,6
134,c,9,0,214.65043457758617,229.52344157262203,5.613025114887762,0.041,0.04858354226572145,1.886974885112238,0.44091273952171806,2.4174711668996776,231.5,231.9409127395217,2023-08-04 09:36:37,2023-08-21 06:00:00,2023-08-21 16:34:54,Monday,6
134,b,10,0,214.65043457758617,231.9409127395217,1.0877622078764944,0.082,0.06484946835478676,0.41223779212350564,4.878028114315974,5.437115374794266,232.5,237.37802811431598,2023-08-04 09:36:37,2023-08-22 06:00:00,2023-08-27 03:04:21,Tuesday,6
135,e,1,0,215.67524380841766,215.67524380841766,5.70240646350797,0.0,0.027162655090303883,1.7975935364920304,0.04854285376063114,1.8732990453429654,217.5,217.54854285376064,2023-08-05 10:12:21,2023-08-07 06:00:00,2023-08-07 07:09:54,Monday,6
135,c,2,0,215.67524380841766,217.54854285376064,0.6702416274541747,0.082,0.03969877369352457,0.0,1.5156089409114408,1.6373077146049655,217.67024162745415,219.1858505683656,2023-08-05 10:12:21,2023-08-07 10:05:08,2023-08-08 22:27:37,Monday,10
135,e,3,0,215.67524380841766,219.1858505683656,2.311454476178227,0.123,0.0026039078126455077,0.18854552382177303,1.6667663108681041,1.9809157425025226,219.5,221.1667663108681,2023-08-05 10:12:21,2023-08-09 06:00:00,2023-08-10 22:00:08,Wednesday,6
135,f,4,0,215.67524380841766,221.16676631086813,4.251789900922773,0.041,0.04402359005464495,0.2482100990772267,0.17358471964567607,0.5068184087775477,221.5,221.67358471964567,2023-08-05 10:12:21,2023-08-11 06:00:00,2023-08-11 10:09:57,Friday,6
135,c,5,0,215.67524380841766,221.67358471964567,4.8011385129684925,0.082,0.0455537933228181,0.0,0.7297222950237866,0.8572760883466047,221.8011385129685,222.53086080799227,2023-08-05 10:12:21,2023-08-11 13:13:38,2023-08-12 06:44:26,Friday,13
135,d,6,0,215.67524380841766,222.53086080799227,5.586823447751328,0.041,0.014962639759064901,1.9131765522486717,0.08698651998474051,2.056125711992477,224.5,224.58698651998475,2023-08-05 10:12:21,2023-08-14 06:00:00,2023-08-14 08:05:15,Monday,6
136,d,1,0,221.4544006167422,221.4544006167422,4.620315236395612,0.041,0.12491461965340891,0.0,1.2692654444984424,1.4351800641518513,221.62031523639558,222.88958068089403,2023-08-11 04:54:20,2023-08-11 08:53:15,2023-08-12 15:20:59,Friday,8
137,f,1,0,221.65119836271987,221.65119836271987,4.725379195059503,0.041,0.03318083233962758,0.0,2.4332720520711164,2.507452884410744,221.7253791950595,224.15865124713062,2023-08-11 09:37:43,2023-08-11 11:24:32,2023-08-13 21:48:27,Friday,11
137,f,2,0,221.65119836271987,224.15865124713062,0.27244569934089213,0.082,0.03179445221028155,0.22755430065910787,0.04070706169390455,0.38205581456329396,224.5,224.5407070616939,2023-08-11 09:37:43,2023-08-14 06:00:00,2023-08-14 06:58:37,Monday,6
137,f,3,0,221.65119836271987,224.54070706169392,0.7237378259833349,0.041,0.14203076428940717,0.0,0.6313274774167031,0.8143582417061104,224.72373782598333,225.35506530340004,2023-08-11 09:37:43,2023-08-14 11:22:10,2023-08-15 02:31:17,Monday,11
138,e,1,0,221.92939922987506,221.92939922987506,5.098114855515462,0.082,0.08671562564039446,2.401885144484538,0.9173092422110779,3.4879100123360103,224.49999999999997,225.41730924221105,2023-08-11 16:18:20,2023-08-14 05:59:59,2023-08-15 04:00:55,Monday,5
138,c,2,0,221.92939922987506,225.41730924221108,1.6923256294568034,0.082,0.1930163872457341,0.0,1.207508815483293,1.482525202729027,225.6923256294568,226.8998344449401,2023-08-11 16:18:20,2023-08-15 10:36:56,2023-08-16 15:35:45,Tuesday,10
138,b,3,0,221.92939922987506,226.8998344449401,2.922659120045239,0.0,0.02282467510513018,0.0,6.008085796544118,6.030910471649248,226.92265912004524,232.93074491658936,2023-08-11 16:18:20,2023-08-16 16:08:37,2023-08-22 16:20:16,Wednesday,16
138,c,4,0,221.92939922987506,232.93074491658933,2.0158211957723893,0.041,0.04407627918305404,0.4841788042276107,24.418246717829017,24.98750180123968,233.5,257.918246717829,2023-08-11 16:18:20,2023-08-23 06:00:00,2023-09-16 16:02:16,Wednesday,6
138,d,5,0,221.92939922987506,257.918246717829,6.031117813316939,0.041,0.07187109548794754,1.4688821866830608,9.155269267485664,10.737022549656672,259.5,268.65526926748566,2023-08-11 16:18:20,2023-09-18 06:00:00,2023-09-27 09:43:35,Monday,6
138,e,6,0,221.92939922987506,268.65526926748566,2.814381014385617,0.0,0.15911174689997393,0.0,7.384745283277733,7.5438570301777075,268.8143810143856,276.1991262976633,2023-08-11 16:18:20,2023-09-27 13:32:42,2023-10-04 22:46:44,Wednesday,13
138,b,7,0,221.92939922987506,276.1991262976634,3.339409697883184,0.123,0.017283400219772715,0.16059030211681602,2.1974720247589943,2.498345727095583,276.49999999999994,278.69747202475895,2023-08-11 16:18:20,2023-10-05 05:59:59,2023-10-07 10:44:21,Thursday,5
138,d,8,0,221.92939922987506,278.69747202475895,5.994583449152685,0.082,0.21511142439374936,1.5054165508473147,0.1964752574675933,1.9990032327086573,280.5,280.69647525746757,2023-08-11 16:18:20,2023-10-09 06:00:00,2023-10-09 10:42:55,Monday,6
139,f,1,0,222.8218523703649,222.8218523703649,6.054531951055736,0.082,0.15067958069084914,1.4454680489442637,1.7049591397107842,3.383106769345897,224.5,226.20495913971078,2023-08-12 13:43:28,2023-08-14 06:00:00,2023-08-15 22:55:08,Monday,6
139,f,2,0,222.8218523703649,226.20495913971078,2.301677709695923,0.041,0.05571856998512999,0.1983222903040769,0.11458399541942102,0.40962485570862783,226.49999999999997,226.6145839954194,2023-08-12 13:43:28,2023-08-16 05:59:59,2023-08-16 08:45:00,Wednesday,5
139,b,3,0,222.8218523703649,226.6145839954194,2.7459594333523967,0.123,0.00837543793300275,0.0,1.3978857596203673,1.52926119755337,226.7459594333524,228.14384519297278,2023-08-12 13:43:28,2023-08-16 11:54:10,2023-08-17 21:27:08,Wednesday,11
140,d,1,0,222.88619181877104,222.88619181877104,6.096046294354721,0.041,0.16885447558369127,1.4039537056452787,0.6353071977381997,2.2491153789671694,224.5,225.1353071977382,2023-08-12 15:16:06,2023-08-14 06:00:00,2023-08-14 21:14:50,Monday,6
140,d,2,0,222.88619181877104,225.1353071977382,1.2237882764132735,0.041,0.04748107867506714,0.2762117235867265,0.06704831290166612,0.4317411151634598,225.5,225.56704831290168,2023-08-12 15:16:06,2023-08-15 06:00:00,2023-08-15 07:36:32,Tuesday,6
140,b,3,0,222.88619181877104,225.56704831290165,1.759889170046364,0.082,0.1108408571447084,0.0,1.724204677296491,1.9170455344411994,225.75988917004634,227.48409384734282,2023-08-12 15:16:06,2023-08-15 12:14:14,2023-08-17 05:37:05,Tuesday,12
140,b,4,0,222.88619181877104,227.48409384734285,3.6258424270699265,0.123,0.01874857972708515,0.0,2.917128626452856,3.0588772061799414,227.62584242706993,230.5429710535228,2023-08-12 15:16:06,2023-08-17 09:01:12,2023-08-20 07:01:52,Thursday,9
141,b,1,0,224.29164328357174,224.29164328357174,0.4806798305902191,0.041,0.1480365470184742,0.019320169409780874,0.37437484097709306,0.5827315574053482,224.5,224.87437484097708,2023-08-14 00:59:57,2023-08-14 06:00:00,2023-08-14 14:59:05,Monday,6
141,f,2,0,224.29164328357174,224.87437484097708,0.9468449197185862,0.041,0.03147007874151401,0.0,0.024239538137160194,0.0967096168786742,224.9468449197186,224.97108445785574,2023-08-14 00:59:57,2023-08-14 16:43:27,2023-08-14 17:18:21,Monday,16
141,c,3,0,224.29164328357174,224.97108445785577,1.1490623463393206,0.123,0.05497788848356364,0.3509376536606794,4.417323055651405,4.946238597795648,225.5,229.9173230556514,2023-08-14 00:59:57,2023-08-15 06:00:00,2023-08-19 16:00:56,Tuesday,6
141,d,4,0,224.29164328357174,229.91732305565142,6.031534596388042,0.082,0.03221154073661026,1.4684654036119582,0.04308794414206144,1.62576488849063,231.49999999999997,231.54308794414203,2023-08-14 00:59:57,2023-08-21 05:59:59,2023-08-21 07:02:02,Monday,5
141,c,5,0,224.29164328357174,231.54308794414206,0.6300729599971646,0.041,0.04598501585509829,0.0,1.1324907048769153,1.2194757207320135,231.63007295999716,232.76256366487408,2023-08-14 00:59:57,2023-08-21 09:07:18,2023-08-22 12:18:05,Monday,9
142,f,1,0,225.2211344487023,225.2211344487023,1.4445475521877427,0.082,0.14141310348545658,0.05545244781225733,6.770072243133179,7.048937794430893,225.5,232.27007224313317,2023-08-14 23:18:26,2023-08-15 06:00:00,2023-08-22 00:28:54,Tuesday,6
142,b,2,0,225.2211344487023,232.27007224313317,1.3899059978815842,0.082,0.03783375474842112,0.1100940021184158,0.13392560647087776,0.3638533633377147,232.5,232.63392560647088,2023-08-14 23:18:26,2023-08-22 06:00:00,2023-08-22 09:12:51,Tuesday,6
143,e,1,0,226.3321848969257,226.3321848969257,2.430270511771056,0.082,0.01608561484534694,0.06972948822894409,0.04913056461946082,0.21694566769375184,226.49999999999997,226.54913056461945,2023-08-16 01:58:20,2023-08-16 05:59:59,2023-08-16 07:10:44,Wednesday,5
143,d,2,0,226.3321848969257,226.54913056461945,2.6047778014317657,0.041,0.014647236812312267,0.0,0.1373979679699892,0.19304520478230147,226.60477780143177,226.74217576940177,2023-08-16 01:58:20,2023-08-16 08:30:52,2023-08-16 11:48:43,Wednesday,8
144,b,1,0,229.50027340835936,229.50027340835936,5.645175452599233,0.123,0.021902044239876302,1.8548245474007672,0.647606395600064,2.6473329872407074,231.5,232.14760639560006,2023-08-19 06:00:23,2023-08-21 06:00:00,2023-08-21 21:32:33,Monday,6
144,e,2,0,229.50027340835936,232.14760639560006,1.5448594666437714,0.041,0.3562530710436996,0.0,1.9419711506610051,2.3392242217047046,232.54485946664377,234.48683061730478,2023-08-19 06:00:23,2023-08-22 07:04:35,2023-08-24 05:41:02,Tuesday,7
144,c,3,0,229.50027340835936,234.48683061730478,3.9162096731011786,0.041,0.3883790557963942,0.0,0.65440825830325,1.0837873140996441,234.91620967310118,235.57061793140443,2023-08-19 06:00:23,2023-08-24 15:59:20,2023-08-25 07:41:41,Thursday,15
145,d,1,0,229.50425361834348,229.50425361834348,5.6763900837250105,0.082,0.09013646538151428,1.8236099162749895,1.3197992520988489,3.3155456337553524,231.49999999999997,232.81979925209882,2023-08-19 06:06:07,2023-08-21 05:59:59,2023-08-22 13:40:30,Monday,5
146,b,1,0,230.77089432684633,230.77089432684633,6.924522958929288,0.082,0.07162863208295532,0.5754770410707124,0.608089333792283,1.3371950069459508,231.5,232.1080893337923,2023-08-20 12:30:05,2023-08-21 06:00:00,2023-08-21 20:35:38,Monday,6
146,e,2,0,230.77089432684633,232.1080893337923,1.2366455034610055,0.082,0.04655616966870066,0.26335449653899445,0.6955548400461831,1.0874655062538783,232.49999999999997,233.19555484004616,2023-08-20 12:30:05,2023-08-22 05:59:59,2023-08-22 22:41:35,Tuesday,5
146,d,3,0,230.77089432684633,233.19555484004619,2.278505969626565,0.041,0.041951129580376716,0.22149403037343518,1.648715253228282,1.9531604131820939,233.5,235.1487152532283,2023-08-20 12:30:05,2023-08-23 06:00:00,2023-08-24 21:34:08,Wednesday,6
146,c,4,0,230.77089432684633,235.1487152532283,4.223903064848031,0.041,0.03418781161974515,0.2760969351519691,1.847183038486923,2.198467785258637,235.5,237.34718303848692,2023-08-20 12:30:05,2023-08-25 06:00:00,2023-08-27 02:19:56,Friday,6
146,b,5,0,230.77089432684633,237.34718303848692,6.491862852346998,0.123,0.021679813860068814,1.0081371476530023,2.213203320144239,3.3660202816573106,238.49999999999997,240.7132033201442,2023-08-20 12:30:05,2023-08-28 05:59:59,2023-08-30 11:07:00,Monday,5
146,c,6,0,230.77089432684633,240.71320332014423,2.7997333385218894,0.082,0.004530018377655013,0.0,8.307465537655,8.393995556032655,240.7997333385219,249.10719887617688,2023-08-20 12:30:05,2023-08-30 13:11:36,2023-09-07 20:34:21,Wednesday,13
147,b,1,0,232.6686761252902,232.6686761252902,1.726769480249203,0.041,0.01709335495901086,0.0,1.1310144754200617,1.1891078303790725,232.7267694802492,233.85778395566928,2023-08-22 10:02:53,2023-08-22 11:26:32,2023-08-23 14:35:12,Tuesday,11
148,e,1,0,232.74064116440815,232.74064116440815,1.8231088964677724,0.082,0.0004677320596399189,0.0,1.6175684680110831,1.700036200070723,232.82310889646777,234.44067736447886,2023-08-22 11:46:31,2023-08-22 13:45:16,2023-08-24 04:34:34,Tuesday,13
148,b,2,0,232.74064116440815,234.44067736447886,3.564866755981342,0.041,0.08318939150249655,0.0,0.06617316579616216,0.1903625572986587,234.56486675598134,234.6310399217775,2023-08-22 11:46:31,2023-08-24 07:33:24,2023-08-24 09:08:41,Thursday,7
148,d,3,0,232.74064116440815,234.63103992177753,3.8072154569014742,0.123,0.05317553512393396,0.0,12.946038921427988,13.122214456551921,234.80721545690145,247.75325437832944,2023-08-22 11:46:31,2023-08-24 13:22:23,2023-09-06 12:04:41,Thursday,13
148,c,4,0,232.74064116440815,247.75325437832944,2.8681396245474104,0.0,0.11488524621796076,0.0,0.7486902707930763,0.8635755170110371,247.8681396245474,248.6168298953405,2023-08-22 11:46:31,2023-09-06 14:50:07,2023-09-07 08:48:14,Wednesday,14
148,e,5,0,232.74064116440815,248.6168298953405,3.761727381503647,0.123,0.021897486163164167,0.0,2.6402718289301115,2.7851693150932757,248.76172738150365,251.40199921043376,2023-08-22 11:46:31,2023-09-07 12:16:53,2023-09-10 03:38:52,Thursday,12
148,d,6,0,232.74064116440815,251.40199921043376,6.448605709310215,0.041,0.005606498876443129,1.0513942906897853,0.40898956236818695,1.5069903519344154,252.49999999999997,252.90898956236816,2023-08-22 11:46:31,2023-09-11 06:00:00,2023-09-11 15:48:56,Monday,6
148,d,7,0,232.74064116440815,252.90898956236816,1.0020334586710646,0.041,0.052043896302892495,0.49796654132893536,0.866824578856666,1.457835016488494,253.5,254.36682457885667,2023-08-22 11:46:31,2023-09-12 06:00:00,2023-09-13 02:48:13,Tuesday,6
148,c,8,0,232.74064116440815,254.36682457885667,2.626077378832008,0.082,0.1772527999753504,0.0,4.634101602080644,4.893354402055994,254.626077378832,259.26017898091266,2023-08-22 11:46:31,2023-09-13 09:01:33,2023-09-18 00:14:39,Wednesday,9
148,d,9,0,232.74064116440815,259.26017898091266,0.34938650461066345,0.0,0.08920752369800478,0.15061349538933655,1.8768513561331779,2.116672375220519,259.5,261.37685135613316,2023-08-22 11:46:31,2023-09-18 06:00:00,2023-09-20 03:02:39,Monday,6
148,d,10,0,232.74064116440815,261.37685135613316,2.5660059268132613,0.041,0.1481545706801213,0.0,1.7907411133019033,1.9798956839820248,261.56600592681326,263.3567470401152,2023-08-22 11:46:31,2023-09-20 07:35:02,2023-09-22 02:33:42,Wednesday,7
148,f,11,0,232.74064116440815,263.3567470401152,4.538426173921721,0.041,0.14067913380652314,0.0,4.5788484699344725,4.760527603740996,263.5384261739217,268.1172746438562,2023-08-22 11:46:31,2023-09-22 06:55:20,2023-09-26 20:48:52,Friday,6
149,d,1,0,234.80964660973285,234.80964660973285,4.327217627268965,0.082,0.435571017536124,0.17278237273103514,1.1180273532959062,1.8083807435630654,235.5,236.6180273532959,2023-08-24 13:25:53,2023-08-25 06:00:00,2023-08-26 08:49:57,Friday,6
149,d,2,0,234.80964660973285,236.61802735329593,5.827834896378363,0.082,0.12780754308242223,1.6721651036216372,0.6304305306766727,2.5124031773807323,238.49999999999997,239.13043053067665,2023-08-24 13:25:53,2023-08-28 05:59:59,2023-08-28 21:07:49,Monday,5
150,b,1,0,235.78871853518427,235.78871853518427,4.9001047012211245,0.041,0.07038616603684596,0.0,0.07388099516879339,0.18526716120563935,235.90010470122112,235.97398569638992,2023-08-25 12:55:45,2023-08-25 15:36:09,2023-08-25 17:22:32,Friday,15
150,d,2,0,235.78871853518427,235.97398569638992,5.116627702224832,0.123,0.019642005834904004,2.3833722977751677,0.060050319541792255,2.586064623151864,238.49999999999997,238.56005031954177,2023-08-25 12:55:45,2023-08-28 05:59:59,2023-08-28 07:26:28,Monday,5
150,b,3,0,235.78871853518427,238.56005031954177,0.6231184489422503,0.041,0.022068129400467235,0.0,2.5789919061222077,2.642060035522675,238.62311844894225,241.20211035506446,2023-08-25 12:55:45,2023-08-28 08:57:17,2023-08-30 22:51:02,Monday,8
150,e,4,0,235.78871853518427,241.20211035506443,3.3620601065910876,0.123,0.03694975152664425,0.13793989340891244,6.1527439180699,6.450633563005457,241.49999999999997,247.65274391806986,2023-08-25 12:55:45,2023-08-31 05:59:59,2023-09-06 09:39:57,Thursday,5
150,b,5,0,235.78871853518427,247.6527439180699,2.8486641838589435,0.123,0.07292026578905557,0.0,9.627942850560466,9.823863116349521,247.84866418385894,257.47660703441943,2023-08-25 12:55:45,2023-09-06 14:22:04,2023-09-16 05:26:18,Wednesday,14
150,b,6,0,235.78871853518427,257.47660703441943,5.686326203261615,0.123,0.0867191688421856,1.8136737967383851,2.4962960011669235,4.519688966747495,259.5,261.9962960011669,2023-08-25 12:55:45,2023-09-18 06:00:00,2023-09-20 17:54:39,Monday,6
151,d,1,0,237.33092605162113,237.33092605162113,6.7341531223275695,0.041,0.36222707070644167,0.7658468776724305,1.8932809445762353,3.062354892955107,238.5,240.39328094457625,2023-08-27 01:56:32,2023-08-28 06:00:00,2023-08-30 03:26:19,Monday,6
151,c,2,0,237.33092605162113,240.39328094457625,2.5385561581450133,0.082,0.06327521356875589,0.0,1.84159778070151,1.9868729942702659,240.53855615814498,242.3801539388465,2023-08-27 01:56:32,2023-08-30 06:55:31,2023-09-01 03:07:25,Wednesday,6
151,c,3,0,237.33092605162113,242.38015393884652,4.42717240094899,0.041,0.0060184621024583695,0.07282759905100988,0.3895000833739522,0.5093461445274204,242.49999999999997,242.88950008337392,2023-08-27 01:56:32,2023-09-01 05:59:59,2023-09-01 15:20:52,Friday,5
151,c,4,0,237.33092605162113,242.88950008337395,5.030257640779581,0.123,0.0177575574056238,2.469742359220419,0.07207683168135376,2.682576748307396,245.49999999999997,245.57207683168133,2023-08-27 01:56:32,2023-09-04 05:59:59,2023-09-04 07:43:47,Monday,5
152,c,1,0,237.68930600503884,237.68930600503884,0.19460831785980304,0.082,0.423302312820945,0.30539168214019696,0.06769071381260497,0.8783847087737469,238.49999999999997,238.56769071381257,2023-08-27 10:32:36,2023-08-28 05:59:59,2023-08-28 07:37:28,Monday,5
152,b,2,0,237.68930600503884,238.5676907138126,0.7284497452573646,0.082,0.07875903144477314,0.0,0.21133590209479902,0.3720949335395722,238.72844974525736,238.93978564735215,2023-08-27 10:32:36,2023-08-28 11:28:58,2023-08-28 16:33:17,Monday,11
153,f,1,0,237.94532600561848,237.94532600561848,0.052323524079326944,0.082,0.02499751846082969,0.44767647592067306,5.027228109670683,5.581902104052186,238.49999999999997,243.52722810967066,2023-08-27 16:41:16,2023-08-28 05:59:59,2023-09-02 06:39:12,Monday,5
153,d,2,0,237.94532600561848,243.52722810967066,5.549393736583596,0.0,0.022165626912933653,1.9506062634164039,0.3803943601339252,2.3531662504632624,245.5,245.88039436013392,2023-08-27 16:41:16,2023-09-04 06:00:00,2023-09-04 15:07:46,Monday,6
153,d,3,0,237.94532600561848,245.88039436013392,1.0561273005546923,0.082,0.09373294042077615,0.4438726994453077,1.2772974416971166,1.8969030815632004,246.5,247.77729744169713,2023-08-27 16:41:16,2023-09-05 06:00:00,2023-09-06 12:39:18,Tuesday,6
153,c,4,0,237.94532600561848,247.77729744169713,2.872273626220675,0.0,0.09497618452353926,0.0,0.26422884560613447,0.35920503012967375,247.87227362622068,248.13650247182682,2023-08-27 16:41:16,2023-09-06 14:56:04,2023-09-06 21:16:33,Wednesday,14
153,f,5,0,237.94532600561848,248.13650247182682,3.209131337692952,0.041,0.031628865866124,0.290868662307048,0.7028982156433399,1.066395743816512,248.49999999999997,249.2028982156433,2023-08-27 16:41:16,2023-09-07 05:59:59,2023-09-07 22:52:10,Thursday,5
153,e,6,0,237.94532600561848,249.20289821564333,4.373653441461897,0.041,0.12975522581855883,0.12634655853810273,5.885539985982624,6.182641770339286,249.5,255.38553998598263,2023-08-27 16:41:16,2023-09-08 06:00:00,2023-09-14 03:15:10,Friday,6
153,c,7,0,237.94532600561848,255.3855399859826,3.475687790247747,0.041,0.04914780426513952,0.02431220975225301,8.78618108746668,8.900641101484073,255.5,264.2861810874667,2023-08-27 16:41:16,2023-09-14 06:00:00,2023-09-23 00:52:06,Thursday,6
153,f,8,0,237.94532600561848,264.2861810874667,5.373439310241906,0.082,0.005258222775209319,2.1265606897580938,0.021082814963914717,2.234901727497218,266.49999999999994,266.52108281496385,2023-08-27 16:41:16,2023-09-25 05:59:59,2023-09-25 06:30:21,Monday,5
153,c,9,0,237.94532600561848,266.5210828149639,0.6999782412930244,0.082,0.09689542632914437,0.0,0.8043469791749055,0.9832424055040498,266.699978241293,267.50432522046793,2023-08-27 16:41:16,2023-09-25 10:47:58,2023-09-26 06:06:13,Monday,10
154,b,1,0,238.9819275243443,238.9819275243443,1.1302343715751704,0.041,0.10730684723087561,0.36976562842482963,1.7663593653634353,2.2844318410191407,239.5,241.26635936536343,2023-08-28 17:33:58,2023-08-29 06:00:00,2023-08-31 00:23:33,Tuesday,6
154,d,2,0,238.9819275243443,241.26635936536343,3.6278189810030312,0.041,0.3204596156396072,0.0,0.2030841253096667,0.5645437409492738,241.62781898100303,241.8309031063127,2023-08-28 17:33:58,2023-08-31 09:04:03,2023-08-31 13:56:30,Thursday,9
154,b,3,0,238.9819275243443,241.8309031063127,3.9317958528257577,0.041,0.0598927465130706,0.0,4.004758125356705,4.105650871869776,241.93179585282576,245.93655397818247,2023-08-28 17:33:58,2023-08-31 16:21:47,2023-09-04 16:28:38,Thursday,16
154,d,4,0,238.9819275243443,245.93655397818247,1.1826223843854677,0.123,0.12306840620299123,0.31737761561453226,0.07801203843500293,0.6414580602525264,246.5,246.578012038435,2023-08-28 17:33:58,2023-09-05 06:00:00,2023-09-05 07:52:20,Tuesday,6
155,d,1,0,240.59644253578378,240.59644253578378,2.758263254640468,0.041,0.12082071885667721,0.0,0.5582216960323425,0.7200424148890197,240.75826325464044,241.3164849506728,2023-08-30 08:18:52,2023-08-30 12:11:53,2023-08-31 01:35:44,Wednesday,12
155,c,2,0,240.59644253578378,241.3164849506728,3.4821027761005894,0.0,0.1656178254278029,0.01789722389941062,0.8926339270881183,1.0761489764153318,241.5,242.39263392708813,2023-08-30 08:18:52,2023-08-31 06:00:00,2023-09-01 03:25:23,Thursday,6
155,d,3,0,240.59644253578378,242.39263392708813,4.548604526081476,0.082,0.073970598993348,0.0,1.6756053873722077,1.8315759863655556,242.54860452608148,244.22420991345368,2023-08-30 08:18:52,2023-09-01 07:09:59,2023-09-02 23:22:51,Friday,7
155,e,4,0,240.59644253578378,244.22420991345368,6.236358628044712,0.0,0.012148714591047466,1.2636413719552877,3.1472488955184468,4.4230389820647815,245.5,248.64724889551846,2023-08-30 08:18:52,2023-09-04 06:00:00,2023-09-07 09:32:02,Monday,6
156,d,1,0,241.83828933434546,241.83828933434546,4.02870907323981,0.082,0.10841973889435985,0.47129092676019013,0.9090660744554839,1.5707767401100339,242.5,243.4090660744555,2023-08-31 14:07:08,2023-09-01 06:00:00,2023-09-02 03:49:03,Friday,6
156,c,2,0,241.83828933434546,243.4090660744555,5.598312884468982,0.123,0.06624681001347614,1.9016871155310184,1.4583245186960117,3.549258444240506,245.49999999999997,246.95832451869597,2023-08-31 14:07:08,2023-09-04 05:59:59,2023-09-05 16:59:59,Monday,5
156,e,3,0,241.83828933434546,246.958324518696,2.57190314266893,0.082,0.5315786239729146,0.0,0.3593838675003387,0.9729624914732532,247.5719031426689,247.93128701016923,2023-08-31 14:07:08,2023-09-06 07:43:32,2023-09-06 16:21:03,Wednesday,7
156,c,4,0,241.83828933434546,247.93128701016926,3.0959786376681677,0.082,0.08269162749891601,0.4040213623318323,2.4981449828861395,3.066857972716888,248.5,250.99814498288615,2023-08-31 14:07:08,2023-09-07 06:00:00,2023-09-09 17:57:19,Thursday,6
156,d,5,0,241.83828933434546,250.99814498288615,6.235855400997934,0.082,0.1557104181117964,1.2641445990020657,0.518443446781474,2.020298463895336,252.5,253.01844344678148,2023-08-31 14:07:08,2023-09-11 06:00:00,2023-09-11 18:26:33,Monday,6
156,c,6,0,241.83828933434546,253.01844344678148,1.1030684991213775,0.082,0.0026250523399121016,0.3969315008786225,2.689090455460756,3.170647008679291,253.5,256.18909045546076,2023-08-31 14:07:08,2023-09-12 06:00:00,2023-09-14 22:32:17,Tuesday,6
156,d,7,0,241.83828933434546,256.18909045546076,4.316951677619045,0.082,0.045861222158278335,0.18304832238095514,2.924609345176329,3.2355188897155625,256.5,259.42460934517635,2023-08-31 14:07:08,2023-09-15 06:00:00,2023-09-18 04:11:26,Friday,6
156,d,8,0,241.83828933434546,259.4246093451763,0.5060354021226772,0.041,0.04042605694638262,0.0,3.1891468878556086,3.2705729448019913,259.5060354021227,262.6951822899783,2023-08-31 14:07:08,2023-09-18 06:08:41,2023-09-21 10:41:03,Monday,6
157,c,1,0,246.12851669053563,246.12851669053563,1.3163498523282726,0.123,0.0648331617926357,0.18365014767172738,0.049573600746128266,0.42105691021049135,246.5,246.54957360074613,2023-09-04 21:05:03,2023-09-05 06:00:00,2023-09-05 07:11:23,Tuesday,6
158,e,1,0,250.6004107887414,250.6004107887414,5.668878960294364,0.0,0.06846817155293974,1.8311210397056357,0.0839865126742841,1.9835757239328595,252.5,252.58398651267427,2023-09-09 08:24:35,2023-09-11 06:00:00,2023-09-11 08:00:56,Monday,6
158,c,2,0,250.6004107887414,252.58398651267427,0.7300063923727578,0.082,0.06401987969848648,0.0,3.0005592311699143,3.1465791108684007,252.73000639237276,255.73056562354267,2023-09-09 08:24:35,2023-09-11 11:31:12,2023-09-14 11:32:00,Monday,11
158,d,3,0,250.6004107887414,255.73056562354267,3.84818097783031,0.041,0.07661535428764119,0.0,1.627143497947613,1.7447588522352542,255.8481809778303,257.47532447577794,2023-09-09 08:24:35,2023-09-14 14:21:22,2023-09-16 05:24:28,Thursday,14
158,b,4,0,250.6004107887414,257.47532447577794,5.613253367499226,0.082,0.055928891721284235,1.886746632500774,3.5942089475714574,5.618884471793516,259.5,263.0942089475715,2023-09-09 08:24:35,2023-09-18 06:00:00,2023-09-21 20:15:39,Monday,6
158,f,5,0,250.6004107887414,263.0942089475715,4.15974058133861,0.041,0.024531633767133743,0.34025941866138965,2.2399370888213896,2.645728141249913,263.5,265.73993708882136,2023-09-09 08:24:35,2023-09-22 06:00:00,2023-09-24 11:45:30,Friday,6
158,b,6,0,250.6004107887414,265.73993708882136,6.891337738702816,0.041,0.11040064988144882,0.6086622612971837,0.5798810430998241,1.3399439542784566,266.5,267.0798810430998,2023-09-09 08:24:35,2023-09-25 06:00:00,2023-09-25 19:55:01,Monday,6
158,e,7,0,250.6004107887414,267.0798810430998,1.230849930344334,0.082,0.0689688872445328,0.2691500696556659,0.1395892935275232,0.559708250427722,267.5,267.63958929352754,2023-09-09 08:24:35,2023-09-26 06:00:00,2023-09-26 09:21:00,Tuesday,6
158,e,8,0,250.6004107887414,267.63958929352754,1.716286341107491,0.041,0.03569704757995553,0.0,0.4460458576950411,0.5227429052749967,267.7162863411075,268.1623321988025,2023-09-09 08:24:35,2023-09-26 11:11:27,2023-09-26 21:53:45,Tuesday,11
158,c,9,0,250.6004107887414,268.1623321988025,2.329370998663535,0.082,0.08503879986099443,0.17062900133646508,1.4539452809136673,1.7916130821111267,268.49999999999994,269.9539452809136,2023-09-09 08:24:35,2023-09-27 05:59:59,2023-09-28 16:53:40,Wednesday,5
158,d,10,0,250.6004107887414,269.9539452809137,4.002716927012727,0.0,0.04877164609903766,0.4972830729872726,7.446856236139085,7.992910955225395,270.5,277.94685623613907,2023-09-09 08:24:35,2023-09-29 06:00:00,2023-10-06 16:43:28,Friday,6
158,c,11,0,250.6004107887414,277.94685623613907,5.121792892431586,0.123,0.051936656292527666,2.3782071075684144,1.0915267370971216,3.6446705009580636,280.5,281.5915267370971,2023-09-09 08:24:35,2023-10-09 06:00:00,2023-10-10 08:11:47,Monday,6
158,e,12,0,250.6004107887414,281.5915267370971,1.5925183548451969,0.0,0.0009916177480642629,0.0,1.7131392195832982,1.7141308373313624,281.5925183548452,283.3056575744285,2023-09-09 08:24:35,2023-10-10 08:13:13,2023-10-12 01:20:08,Tuesday,8
158,c,13,0,250.6004107887414,283.3056575744285,3.396674215002065,0.082,0.009016640573567535,0.10332578499793499,1.0495233586133559,1.2438657841848584,283.5,284.5495233586133,2023-09-09 08:24:35,2023-10-12 06:00:00,2023-10-13 07:11:18,Thursday,6
159,f,1,0,251.30463476866578,251.30463476866578,6.606496541027781,0.082,0.21986177236199228,0.8935034589722193,2.4924437214030024,3.687808952737214,252.49999999999997,254.99244372140296,2023-09-10 01:18:40,2023-09-11 06:00:00,2023-09-13 17:49:07,Monday,6
160,d,1,0,253.34211811491713,253.34211811491713,1.5472374703855678,0.041,0.16411935546845158,0.0,0.022486322245272774,0.22760567771372436,253.54723747038557,253.56972379263084,2023-09-12 02:12:39,2023-09-12 07:08:01,2023-09-12 07:40:24,Tuesday,7
160,c,2,0,253.34211811491713,253.56972379263084,1.6569451742858519,0.041,0.046221381655012064,0.0,0.5305826215581282,0.6178040032131402,253.65694517428585,254.18752779584398,2023-09-12 02:12:39,2023-09-12 09:46:00,2023-09-12 22:30:02,Tuesday,9
160,c,3,0,253.34211811491713,254.18752779584398,2.2651649512747554,0.041,0.03663715543078818,0.23483504872524463,0.5963079065877364,0.9087801107437692,254.5,255.09630790658773,2023-09-12 02:12:39,2023-09-13 06:00:00,2023-09-13 20:18:41,Wednesday,6
160,e,4,0,253.34211811491713,255.09630790658775,3.341303451680801,0.082,0.16299554509305683,0.15869654831919888,2.865919965258614,3.2696120586708695,255.5,258.3659199652586,2023-09-12 02:12:39,2023-09-14 06:00:00,2023-09-17 02:46:55,Thursday,6
161,e,1,0,254.43934812986765,254.43934812986765,2.598584337420249,0.041,0.11823620755258733,0.0,3.680011999022505,3.8392482065750926,254.59858433742025,258.2785963364428,2023-09-13 04:32:39,2023-09-13 08:21:57,2023-09-17 00:41:10,Wednesday,8
162,e,1,0,261.05186148138944,261.05186148138944,2.298086676856599,0.082,0.16422519546713715,0.20191332314340116,1.0093275340736643,1.4574660526842025,261.49999999999994,262.50932753407363,2023-09-19 19:14:40,2023-09-20 05:59:59,2023-09-21 06:13:25,Wednesday,5
162,d,2,0,261.05186148138944,262.50932753407363,3.6399916114789335,0.082,0.04866407740527127,0.0,0.1886018207606091,0.31926589816588036,262.6399916114789,262.8285934322395,2023-09-19 19:14:40,2023-09-21 09:21:35,2023-09-21 13:53:10,Thursday,9
162,d,3,0,261.05186148138944,262.82859343223953,3.8321507484037056,0.0,0.0035573161641741014,0.0,10.15479618224337,10.158353498407545,262.8321507484037,272.9869469306471,2023-09-19 19:14:40,2023-09-21 13:58:17,2023-10-01 17:41:12,Thursday,13
162,c,4,0,261.05186148138944,272.9869469306471,0.18617402313736875,0.123,0.07622709249028137,0.31382597686263125,3.1167205741486206,3.629773643501533,273.5,276.61672057414864,2023-09-19 19:14:40,2023-10-02 06:00:00,2023-10-05 08:48:04,Monday,6
162,c,5,0,261.05186148138944,276.61672057414864,3.795555475415938,0.082,0.09683490126727584,0.0,0.8520414152632528,1.0308763165305286,276.79555547541594,277.6475968906792,2023-09-19 19:14:40,2023-10-05 13:05:35,2023-10-06 09:32:32,Thursday,13
162,f,6,0,261.05186148138944,277.64759689067915,4.853491975764655,0.082,0.12389508508551342,0.0,0.40112252064485593,0.6070176057303693,277.85349197576465,278.2546144964095,2023-09-19 19:14:40,2023-10-06 14:29:01,2023-10-07 00:06:38,Friday,14
162,f,7,0,261.05186148138944,278.25461449640954,5.457368100191616,0.123,0.0797536037820592,2.0426318998083843,1.679786062736855,3.9251715663272986,280.5,282.17978606273687,2023-09-19 19:14:40,2023-10-09 06:00:00,2023-10-10 22:18:53,Monday,6
162,c,8,0,261.05186148138944,282.17978606273687,2.2823163381972336,0.041,0.06153027546036804,0.21768366180276644,3.1143876681885945,3.434601605451729,282.5,285.6143876681886,2023-09-19 19:14:40,2023-10-11 06:00:00,2023-10-14 08:44:43,Wednesday,6
162,b,9,0,261.05186148138944,285.6143876681886,5.751168570361642,0.082,0.05478090217303479,1.7488314296383578,8.970478576197435,10.856090908008827,287.5,296.4704785761974,2023-09-19 19:14:40,2023-10-16 06:00:00,2023-10-25 05:17:29,Monday,6
162,e,10,0,261.05186148138944,296.4704785761974,2.564634174772891,0.082,0.012155598575448397,0.0,1.3811150470802072,1.4752706456556555,296.5646341747729,297.9457492218531,2023-09-19 19:14:40,2023-10-25 07:33:04,2023-10-26 16:41:52,Wednesday,7
162,e,11,0,261.05186148138944,297.9457492218531,4.218434691614789,0.041,0.2316854697617146,0.2815653083852112,3.126200563938301,3.6804513420852265,298.5,301.6262005639383,2023-09-19 19:14:40,2023-10-27 06:00:00,2023-10-30 09:01:43,Friday,6
162,b,12,0,261.05186148138944,301.6262005639383,0.7868751091321542,0.082,0.07867454519382211,0.0,0.05601898402915006,0.2166935292229722,301.78687510913215,301.8428940931613,2023-09-19 19:14:40,2023-10-30 12:53:06,2023-10-30 14:13:46,Monday,12
162,e,13,0,261.05186148138944,301.8428940931613,1.1837468015486934,0.082,0.25885270838737784,0.3162531984513066,1.9086009685909537,2.565706875429638,302.5,304.408600968591,2023-09-19 19:14:40,2023-10-31 06:00:00,2023-11-02 03:48:23,Tuesday,6
163,e,1,0,264.41956538427706,264.41956538427706,5.5718756117740895,0.082,0.07031022749703039,1.9281243882259105,0.10104437553880241,2.181478991261743,266.5,266.6010443755388,2023-09-23 04:04:10,2023-09-25 06:00:00,2023-09-25 08:25:30,Monday,6
163,b,2,0,264.41956538427706,266.60104437553883,0.6487485068870456,0.041,0.006704131348235386,0.0,0.03540473621858455,0.08310886756681994,266.64874850688705,266.68415324310564,2023-09-23 04:04:10,2023-09-25 09:34:11,2023-09-25 10:25:10,Monday,9
163,e,3,0,264.41956538427706,266.68415324310564,0.9068030588152851,0.082,0.14064981570965293,0.0,13.443326913620549,13.665976729330202,266.9068030588153,280.3501299724358,2023-09-23 04:04:10,2023-09-25 15:45:47,2023-10-09 02:24:11,Monday,15
163,f,4,0,264.41956538427706,280.35012997243587,0.5887278933038829,0.082,0.15659792086799298,0.0,1.3506306820668095,1.5892286029348024,280.5887278933038,281.93935857537065,2023-09-23 04:04:10,2023-10-09 08:07:46,2023-10-10 16:32:40,Monday,8
163,d,5,0,264.41956538427706,281.93935857537065,1.946582208810696,0.0,0.007223633440065178,0.0,1.1275024801449747,1.13472611358504,281.9465822088107,283.0740846889557,2023-09-23 04:04:10,2023-10-10 16:43:04,2023-10-11 19:46:40,Tuesday,16
164,d,1,0,269.02111614013916,269.02111614013916,3.14570847258085,0.082,0.04259233244169747,0.35429152741915004,0.28360462863722713,0.7624884884980747,269.5,269.78360462863725,2023-09-27 18:30:24,2023-09-28 06:00:00,2023-09-28 12:48:23,Thursday,6
164,b,2,0,269.02111614013916,269.78360462863725,3.8860533542963935,0.041,0.06144872565916966,0.0,0.02935036225866341,0.13179908791783307,269.8860533542964,269.91540371655503,2023-09-27 18:30:24,2023-09-28 15:15:55,2023-09-28 15:58:10,Thursday,15
164,e,3,0,269.02111614013916,269.9154037165551,4.043052170322255,0.082,0.04564845376719262,0.4569478296777447,4.968309489878646,5.552905773323583,270.5,275.46830948987866,2023-09-27 18:30:24,2023-09-29 06:00:00,2023-10-04 05:14:21,Friday,6
164,f,4,0,269.02111614013916,275.46830948987866,2.592803961974141,0.123,0.001494472095471168,0.0,0.5564477133139742,0.6809421854094454,275.59280396197414,276.1492516752881,2023-09-27 18:30:24,2023-10-04 08:13:38,2023-10-04 21:34:55,Wednesday,8
164,d,5,0,269.02111614013916,276.1492516752881,3.2765640974386088,0.041,0.08631242215050798,0.22343590256139123,2.2089173291399886,2.559665653851888,276.5,278.70891732914,2023-09-27 18:30:24,2023-10-05 06:00:00,2023-10-07 11:00:50,Thursday,6
164,d,6,0,269.02111614013916,278.70891732914,5.898439284181336,0.041,0.1485219550413505,1.601560715818664,0.12262585670607898,1.9137085275660934,280.5,280.62262585670607,2023-09-27 18:30:24,2023-10-09 06:00:00,2023-10-09 08:56:34,Monday,6
164,e,7,0,269.02111614013916,280.62262585670607,0.7096579523545188,0.041,0.0460320956484681,0.0,2.2917424336990355,2.3787745293475036,280.7096579523545,283.00140038605355,2023-09-27 18:30:24,2023-10-09 11:01:54,2023-10-11 18:02:00,Monday,11
164,f,8,0,269.02111614013916,283.00140038605355,3.241219177030189,0.082,0.157818790976616,0.2587808229698112,0.03781546342671226,0.5364150773731394,283.49999999999994,283.5378154634267,2023-09-27 18:30:24,2023-10-12 05:59:59,2023-10-12 06:54:27,Thursday,5
164,c,9,0,269.02111614013916,283.5378154634267,3.6045670398626726,0.041,0.0257515764360105,0.0,1.2344122072203831,1.3011637836563936,283.6045670398627,284.83897924708305,2023-09-27 18:30:24,2023-10-12 08:30:34,2023-10-13 14:08:07,Thursday,8
164,b,10,0,269.02111614013916,284.8389792470831,4.9607830110599025,0.082,0.03980376397678276,0.0,1.5569202607861141,1.678724024762897,284.9607830110599,286.517703271846,2023-09-27 18:30:24,2023-10-13 17:03:31,2023-10-15 06:25:29,Friday,17
164,f,11,0,269.02111614013916,286.517703271846,6.522647799073866,0.0,0.004944527227864721,0.9773522009261342,0.21543478699073634,1.1977315151447352,287.5,287.7154347869907,2023-09-27 18:30:24,2023-10-16 06:00:00,2023-10-16 11:10:13,Monday,6
164,b,12,0,269.02111614013916,287.7154347869907,0.8817315117138946,0.041,0.12529672472319212,0.0,0.51331846079362,0.6796151855168121,287.8817315117139,288.39504997250754,2023-09-27 18:30:24,2023-10-16 15:09:41,2023-10-17 03:28:52,Monday,15
164,e,13,0,269.02111614013916,288.39504997250754,1.5076171658772068,0.082,0.030567193369697737,0.0,0.7884872095175783,0.9010544028872761,288.5076171658772,289.2961043753948,2023-09-27 18:30:24,2023-10-17 06:10:58,2023-10-18 01:06:23,Tuesday,6
164,b,14,0,269.02111614013916,289.2961043753948,2.3761936444450953,0.041,0.03908926905030683,0.12380635555490471,14.949134322171824,15.153029946777036,289.5,304.4491343221718,2023-09-27 18:30:24,2023-10-18 06:00:00,2023-11-02 04:46:45,Wednesday,6
165,f,1,0,269.2518358819141,269.2518358819141,3.435039102161454,0.041,0.14220322024738177,0.06496089783854586,7.834316991651396,8.082481109737323,269.5,277.3343169916514,2023-09-28 00:02:38,2023-09-28 06:00:00,2023-10-06 02:01:24,Thursday,6
165,c,2,0,269.2518358819141,277.3343169916514,4.663297647322224,0.041,0.28798065567081105,0.0,6.653907703518978,6.98288835918979,277.6632976473222,284.3172053508412,2023-09-28 00:02:38,2023-10-06 09:55:08,2023-10-13 01:36:46,Friday,9
165,d,3,0,269.2518358819141,284.3172053508412,4.433953559707561,0.041,0.07574820886634863,0.066046440292439,2.8802644698874524,3.06305911904624,284.5,287.38026446988744,2023-09-28 00:02:38,2023-10-13 06:00:00,2023-10-16 03:07:34,Friday,6
165,e,4,0,269.2518358819141,287.38026446988744,0.4877820222841365,0.041,0.06651755239668426,0.012217977715863526,3.5347473507835847,3.6544828808961327,287.5,291.03474735078356,2023-09-28 00:02:38,2023-10-16 06:00:00,2023-10-19 18:50:02,Monday,6
165,f,5,0,269.2518358819141,291.03474735078356,4.295424120055429,0.082,0.17867676927186352,0.20457587994457072,2.298708496244942,2.7639611454613764,291.5,293.79870849624496,2023-09-28 00:02:38,2023-10-20 06:00:00,2023-10-22 13:10:08,Friday,6
165,f,6,0,269.2518358819141,293.79870849624496,0.1368444118616594,0.041,0.29713591561672487,0.3631555881383406,9.3790481473145,10.080339651069565,294.5,303.8790481473145,2023-09-28 00:02:38,2023-10-23 06:00:00,2023-11-01 15:05:49,Monday,6
165,b,7,0,269.2518358819141,303.8790481473145,3.04000210526857,0.123,0.0379539579540784,0.4599978947314298,4.805836110952829,5.426787963638338,304.5,309.30583611095284,2023-09-28 00:02:38,2023-11-02 06:00:00,2023-11-07 01:20:24,Thursday,6
165,d,8,0,269.2518358819141,309.30583611095284,1.4883702983007083,0.041,0.14153418734788023,0.011629701699291672,0.5303923475641549,0.7245562366113267,309.5,310.03039234756415,2023-09-28 00:02:38,2023-11-07 06:00:00,2023-11-07 18:43:45,Tuesday,6
165,c,9,0,269.2518358819141,310.03039234756415,2.182736760408261,0.041,0.11134441284412458,0.31726323959173897,0.8139789544896698,1.2835866069255335,310.5,311.31397895448964,2023-09-28 00:02:38,2023-11-08 06:00:00,2023-11-09 01:32:07,Wednesday,6
165,f,10,0,269.2518358819141,311.3139789544897,3.5271450153746287,0.041,0.1721660608849543,0.0,8.299908614124755,8.51307467500971,311.52714501537463,319.8270536294994,2023-09-28 00:02:38,2023-11-09 06:39:05,2023-11-17 13:50:57,Thursday,6
166,e,1,0,270.59385647629614,270.59385647629614,4.838975418433847,0.041,0.20411894213769777,0.0,2.428729922590935,2.6738488647286327,270.83897541843385,273.2677053410248,2023-09-29 08:15:09,2023-09-29 14:08:07,2023-10-02 00:25:29,Friday,14
166,b,2,0,270.59385647629614,273.2677053410248,0.48237841290529104,0.082,0.13267307188049937,0.017621587094708957,0.15211110812827808,0.3844057671034864,273.5,273.6521111081283,2023-09-29 08:15:09,2023-10-02 06:00:00,2023-10-02 09:39:02,Monday,6
166,f,3,0,270.59385647629614,273.6521111081283,0.6961813369591141,0.041,0.0030702288308606038,0.0,0.24878708585108092,0.29285731468194154,273.6961813369591,273.9449684228102,2023-09-29 08:15:09,2023-10-02 10:42:30,2023-10-02 16:40:45,Monday,10
166,d,4,0,270.59385647629614,273.94496842281023,1.04824888981193,0.082,0.021280467001678988,0.45175111018807,0.025693718562528552,0.5807252957522776,274.5,274.52569371856254,2023-09-29 08:15:09,2023-10-03 06:00:00,2023-10-03 06:36:59,Tuesday,6
166,d,5,0,270.59385647629614,274.52569371856254,1.7544432282187472,0.041,0.18774950965622028,0.0,2.050227185308484,2.2789766949647046,274.75444322821875,276.8046704135272,2023-09-29 08:15:09,2023-10-03 12:06:23,2023-10-05 13:18:43,Tuesday,12
166,b,6,0,270.59385647629614,276.8046704135272,4.302666880775178,0.041,0.45699646724796134,0.19733311922482244,9.1654619778797,9.860791564352484,277.5,286.6654619778797,2023-09-29 08:15:09,2023-10-06 06:00:00,2023-10-15 09:58:15,Friday,6
166,f,7,0,270.59385647629614,286.6654619778797,6.818593155039821,0.082,0.07113117716011219,0.6814068449601791,0.12154896581312548,0.9560869879334168,287.5,287.62154896581313,2023-09-29 08:15:09,2023-10-16 06:00:00,2023-10-16 08:55:01,Monday,6
166,f,8,0,270.59385647629614,287.62154896581313,0.6519199578505663,0.0,0.030370992037404777,0.0,0.8702609020025023,0.9006318940399071,287.65191995785057,288.52218085985305,2023-09-29 08:15:09,2023-10-16 09:38:45,2023-10-17 06:31:56,Monday,9
166,e,9,0,270.59385647629614,288.52218085985305,1.9339055366437492,0.082,0.3297246767907209,0.0,2.877802648579612,3.289527325370333,288.93390553664375,291.8117081852234,2023-09-29 08:15:09,2023-10-17 16:24:49,2023-10-20 13:28:51,Tuesday,16
166,d,10,0,270.59385647629614,291.8117081852234,4.865444391441713,0.0,0.0537362062183167,0.0,0.14709566614422734,0.20083187236254404,291.8654443914417,292.01254005758597,2023-09-29 08:15:09,2023-10-20 14:46:14,2023-10-20 18:18:03,Friday,14
166,b,11,0,270.59385647629614,292.0125400575859,5.120514626371175,0.041,0.0669745687852506,2.3794853736288246,15.54686474263693,18.034324685051004,294.5,310.04686474263696,2023-09-29 08:15:09,2023-10-23 06:00:00,2023-11-07 19:07:29,Monday,6
166,e,12,0,270.59385647629614,310.0468647426369,2.1613437350177946,0.0,0.11447899238090414,0.33865626498220536,5.255114445558377,5.708249702921486,310.5,315.7551144455584,2023-09-29 08:15:09,2023-11-08 06:00:00,2023-11-13 12:07:21,Wednesday,6
166,f,13,0,270.59385647629614,315.7551144455584,0.8953505258648988,0.082,0.05823608030652125,0.0,5.60119912598828,5.741435206294801,315.8953505258649,321.4965496518532,2023-09-29 08:15:09,2023-11-13 15:29:18,2023-11-19 05:55:01,Monday,15
166,b,14,0,270.59385647629614,321.4965496518532,0.05878516606674111,0.082,0.48023551421359284,0.4412148339332589,3.790739588806099,4.79418993695295,322.5,326.2907395888061,2023-09-29 08:15:09,2023-11-20 06:00:00,2023-11-24 00:58:39,Monday,6
166,b,15,0,270.59385647629614,326.2907395888061,4.37417671671426,0.082,0.0014371279081453047,0.12582328328574022,3.492506536573565,3.7017669477674504,326.5,329.99250653657356,2023-09-29 08:15:09,2023-11-24 06:00:00,2023-11-27 17:49:12,Friday,6
166,b,16,0,270.59385647629614,329.99250653657356,1.1030468614279698,0.041,0.06954032485441715,0.3969531385720302,1.0522524204360275,1.5597458838624747,330.5,331.55225242043605,2023-09-29 08:15:09,2023-11-28 06:00:00,2023-11-29 07:15:14,Tuesday,6
166,e,17,0,270.59385647629614,331.55225242043605,3.1934246382795664,0.041,0.600172217843546,0.30657536172043365,0.131877438274651,1.0796250178386306,332.5,332.63187743827467,2023-09-29 08:15:09,2023-11-30 06:00:00,2023-11-30 09:09:54,Thursday,6
166,d,18,0,270.59385647629614,332.63187743827467,3.8136909865255006,0.082,0.09981354825083642,0.0,1.1885583458900006,1.3703718941408372,332.8136909865255,334.0022493324155,2023-09-29 08:15:09,2023-11-30 13:31:42,2023-12-01 18:03:14,Thursday,13
166,b,19,0,270.59385647629614,334.0022493324155,5.16051020066277,0.123,0.03526086824727734,2.3394897993372297,7.379091099127089,9.876841766711596,336.5,343.8790910991271,2023-09-29 08:15:09,2023-12-04 06:00:00,2023-12-11 15:05:53,Monday,6
166,d,20,0,270.59385647629614,343.8790910991271,0.9365220172897466,0.0,0.0574309181626535,0.0,0.07186560580164467,0.12929652396429817,343.93652201728975,344.0083876230914,2023-09-29 08:15:09,2023-12-11 16:28:35,2023-12-11 18:12:04,Monday,16
166,b,21,0,270.59385647629614,344.0083876230914,1.1956050515605057,0.082,0.1052174284691056,0.30439494843949433,0.018319338057369877,0.5099317149659698,344.5,344.5183193380574,2023-09-29 08:15:09,2023-12-12 06:00:00,2023-12-12 06:26:22,Tuesday,6
167,e,1,0,271.35272885347223,271.35272885347223,5.460178394635022,0.041,0.06644954116281397,2.0398216053649776,0.5095686560161237,2.6568398025439155,273.5,274.00956865601614,2023-09-30 02:27:55,2023-10-02 06:00:00,2023-10-02 18:13:46,Monday,6
167,d,2,0,271.35272885347223,274.00956865601614,1.1059011560179783,0.082,0.014332500001864135,0.39409884398202166,0.7727777567107404,1.2632091006946262,274.5,275.27277775671075,2023-09-30 02:27:55,2023-10-03 06:00:00,2023-10-04 00:32:47,Tuesday,6
167,f,3,0,271.35272885347223,275.27277775671075,2.359064567526616,0.082,0.004286810815860804,0.14093543247338403,2.1349313821217124,2.3621536254109574,275.5,277.6349313821217,2023-09-30 02:27:55,2023-10-04 06:00:00,2023-10-06 09:14:18,Wednesday,6
167,f,4,0,271.35272885347223,277.6349313821217,4.766457219884444,0.082,0.04952583776277434,0.0,0.35256158959924216,0.4840874273620165,277.76645721988444,278.1190188094837,2023-09-30 02:27:55,2023-10-06 12:23:41,2023-10-06 20:51:23,Friday,12
167,b,5,0,271.35272885347223,278.1190188094837,5.241296681258802,0.082,0.04027787177509007,2.2587033187411976,0.042429008296090066,2.4234101988123773,280.5,280.5424290082961,2023-09-30 02:27:55,2023-10-09 06:00:00,2023-10-09 07:01:05,Monday,6
167,d,6,0,271.35272885347223,280.5424290082961,0.6658468429240543,0.082,0.04141783462797821,0.0,0.13807697154626536,0.2614948061742436,280.66584684292405,280.8039238144703,2023-09-30 02:27:55,2023-10-09 09:58:49,2023-10-09 13:17:39,Monday,9
167,e,7,0,271.35272885347223,280.80392381447035,0.8804223580742132,0.041,0.03549854360384074,0.0,1.356051979030896,1.4325505226347368,280.8804223580742,282.2364743371051,2023-09-30 02:27:55,2023-10-09 15:07:48,2023-10-10 23:40:31,Monday,15
167,e,8,0,271.35272885347223,282.2364743371051,2.4501603399849614,0.123,0.09068600287983788,0.04983966001503859,7.661628856465425,7.9251545193603015,282.5,290.1616288564654,2023-09-30 02:27:55,2023-10-11 06:00:00,2023-10-18 21:52:44,Wednesday,6
168,d,1,0,271.51378567803306,271.51378567803306,5.655521487921419,0.123,0.018735809888361755,1.844478512078581,0.4045022744801742,2.390716596447117,273.5,273.9045022744802,2023-09-30 06:19:51,2023-10-02 06:00:00,2023-10-02 15:42:28,Monday,6
168,f,2,0,271.51378567803306,273.9045022744802,1.0022249539132986,0.082,0.015722679433116064,0.4977750460867014,0.017750739573062068,0.6132484650928796,274.5,274.51775073957305,2023-09-30 06:19:51,2023-10-03 06:00:00,2023-10-03 06:25:33,Tuesday,6
169,d,1,0,274.12627210739964,274.12627210739964,1.1675461826811784,0.041,0.0002740752815252429,0.3324538173188216,0.5648304372869926,0.9385583298873394,274.5,275.064830437287,2023-10-02 21:01:49,2023-10-03 06:00:00,2023-10-03 19:33:21,Tuesday,6
169,b,2,0,274.12627210739964,275.06483043728696,2.134103742156242,0.0,0.06927330486928567,0.3658962578437581,0.028863663325346168,0.46403322603839,275.5,275.52886366332535,2023-10-02 21:01:49,2023-10-04 06:00:00,2023-10-04 06:41:33,Wednesday,6
169,d,3,0,274.12627210739964,275.52886366332535,2.5416513215979535,0.0,0.01278765827259374,0.0,2.9077400806600875,2.920527738932681,275.54165132159795,278.449391402258,2023-10-02 21:01:49,2023-10-04 06:59:58,2023-10-07 04:47:07,Wednesday,6
169,b,4,0,274.12627210739964,278.449391402258,5.598050851905327,0.0,0.14865944964733224,1.9019491480946726,2.649683905789268,4.700292503531273,280.5,283.1496839057893,2023-10-02 21:01:49,2023-10-09 06:00:00,2023-10-11 21:35:32,Monday,6
169,b,5,0,274.12627210739964,283.1496839057893,3.2166363187562297,0.041,0.025952412966938083,0.2833636812437703,3.041611947820578,3.3919280420312865,283.5,286.54161194782057,2023-10-02 21:01:49,2023-10-12 06:00:00,2023-10-15 06:59:55,Thursday,6
169,c,6,0,274.12627210739964,286.54161194782057,6.585568329822706,0.041,0.002956382002131335,0.9144316701772937,6.026748141705977,6.985136193885403,287.5,293.526748141706,2023-10-02 21:01:49,2023-10-16 06:00:00,2023-10-22 06:38:31,Monday,6
169,e,7,0,274.12627210739964,293.526748141706,6.655182694594259,0.041,0.08743455288827608,0.8448173054057406,1.038447785043002,2.011699643337019,294.5,295.538447785043,2023-10-02 21:01:49,2023-10-23 06:00:00,2023-10-24 06:55:21,Monday,6
169,c,8,0,274.12627210739964,295.538447785043,1.6272367369608673,0.082,0.006788951917872595,0.0,9.916377887425403,10.005166839343275,295.62723673696087,305.5436146243863,2023-10-02 21:01:49,2023-10-24 09:03:13,2023-11-03 07:02:48,Tuesday,9
169,b,9,0,274.12627210739964,305.54361462438624,4.946581049068072,0.041,0.3619664246818169,0.0,5.959510311031648,6.362476735713465,305.9465810490681,311.9060913600997,2023-10-02 21:01:49,2023-11-03 16:43:04,2023-11-09 15:44:46,Friday,16
169,b,10,0,274.12627210739964,311.9060913600997,4.202807291954969,0.041,0.25571593185526614,0.2971927080450314,6.368468818439998,6.9623774583402955,312.5,318.86846881844,2023-10-02 21:01:49,2023-11-10 06:00:00,2023-11-16 14:50:35,Friday,6
169,d,11,0,274.12627210739964,318.86846881844,4.076945273933234,0.082,0.1264764554932238,0.4230547260667663,1.3430479338531442,1.9745791154131345,319.5,320.84304793385314,2023-10-02 21:01:49,2023-11-17 06:00:00,2023-11-18 14:13:59,Friday,6
169,d,12,0,274.12627210739964,320.84304793385314,6.176708547404701,0.123,0.21066061355157523,1.3232914525952992,7.889398016891706,9.54635008303858,322.5,330.38939801689173,2023-10-02 21:01:49,2023-11-20 06:00:00,2023-11-28 03:20:43,Monday,6
169,c,13,0,274.12627210739964,330.38939801689173,1.5191030269942871,0.082,0.04770501010255587,0.0,3.179251524888385,3.3089565349909407,330.5191030269943,333.6983545518827,2023-10-02 21:01:49,2023-11-28 06:27:30,2023-12-01 10:45:37,Tuesday,6
169,e,14,0,274.12627210739964,333.6983545518827,4.740690066848401,0.041,0.0013355149657220038,0.0,0.786457072798899,0.828792587764621,333.7406900668484,334.5271471396473,2023-10-02 21:01:49,2023-12-01 11:46:35,2023-12-02 06:39:05,Friday,11
169,d,15,0,274.12627210739964,334.5271471396473,5.654925203900461,0.123,0.004778064253176518,1.8450747960995386,0.00010867759312944258,1.9729615379458445,336.5,336.5001086775931,2023-10-02 21:01:49,2023-12-04 06:00:00,2023-12-04 06:00:09,Monday,6
169,b,16,0,274.12627210739964,336.5001086775931,0.5705225436254295,0.041,0.029413866032331194,0.0,0.3341478446294906,0.4045617106618218,336.57052254362543,336.90467038825494,2023-10-02 21:01:49,2023-12-04 07:41:33,2023-12-04 15:42:43,Monday,7
169,e,17,0,274.12627210739964,336.90467038825494,1.0022885782049116,0.082,0.015618189949957676,0.4977114217950884,0.129979525690535,0.7253091374355811,337.5,337.62997952569054,2023-10-02 21:01:49,2023-12-05 06:00:00,2023-12-05 09:07:10,Tuesday,6
169,f,18,0,274.12627210739964,337.62997952569054,1.7683919288202787,0.123,0.015412403129716487,0.0,1.1237110613536772,1.2621234644833936,337.7683919288203,338.89210299017395,2023-10-02 21:01:49,2023-12-05 12:26:29,2023-12-06 15:24:37,Tuesday,12
170,e,1,0,274.57710190393783,274.57710190393783,1.6347728113054814,0.041,0.01667090736763815,0.0,0.1187351493323449,0.17640605669998305,274.6347728113055,274.7535079606378,2023-10-03 07:51:01,2023-10-03 09:14:04,2023-10-03 12:05:03,Tuesday,9
170,b,2,0,274.57710190393783,274.7535079606378,1.8672565630889153,0.082,0.03174860245110542,0.0,0.045408000464507436,0.15915660291561284,274.8672565630889,274.91266456355345,2023-10-03 07:51:01,2023-10-03 14:48:50,2023-10-03 15:54:14,Tuesday,14
170,f,3,0,274.57710190393783,274.91266456355345,1.9417198537287277,0.0,0.029055290175276777,0.0,1.2159422217011187,1.2449975118763954,274.9417198537287,276.15766207542987,2023-10-03 07:51:01,2023-10-03 16:36:04,2023-10-04 21:47:02,Tuesday,16
171,c,1,0,276.0337133568027,276.0337133568027,3.3059956844090266,0.041,0.23128232760630724,0.19400431559097342,3.4504419126207595,3.91672855581804,276.5,279.95044191262076,2023-10-04 18:48:32,2023-10-05 06:00:00,2023-10-08 16:48:38,Thursday,6
171,c,2,0,276.0337133568027,279.95044191262076,0.11814416856572052,0.0,0.16770225594498014,0.3818558314342795,2.9352209011067005,3.48477898848596,280.5,283.4352209011067,2023-10-04 18:48:32,2023-10-09 06:00:00,2023-10-12 04:26:43,Monday,6
171,b,3,0,276.0337133568027,283.43522090110673,3.49250956455802,0.041,0.016288663451281844,0.007490435441980026,2.4966865800337428,2.5614656789270045,283.5,285.9966865800337,2023-10-04 18:48:32,2023-10-12 06:00:00,2023-10-14 17:55:13,Thursday,6
171,c,4,0,276.0337133568027,285.9966865800337,6.066643960129284,0.041,0.028957380095569203,1.4333560398707164,1.3266394749542854,2.829952894920571,287.5,288.8266394749543,2023-10-04 18:48:32,2023-10-16 06:00:00,2023-10-17 13:50:21,Monday,6
171,d,5,0,276.0337133568027,288.8266394749543,2.128074713661647,0.123,0.17843523870735045,0.3719252863383531,3.0517791599503448,3.7251396849960483,289.49999999999994,292.5517791599503,2023-10-04 18:48:32,2023-10-18 05:59:59,2023-10-21 07:14:33,Wednesday,5
171,d,6,0,276.0337133568027,292.55177915995034,5.5619532385563275,0.0,0.010174078606006299,1.9380467614436725,1.5122058261163769,3.4604266661660557,294.5,296.01220582611637,2023-10-04 18:48:32,2023-10-23 06:00:00,2023-10-24 18:17:34,Monday,6
171,d,7,0,276.0337133568027,296.01220582611637,2.1636481976587447,0.041,0.11044237154236139,0.3363518023412553,6.933863887662591,7.421658061546208,296.5,303.4338638876626,2023-10-04 18:48:32,2023-10-25 06:00:00,2023-11-01 04:24:45,Wednesday,6
172,d,1,0,276.3027409824135,276.3027409824135,3.5252574283104536,0.041,0.18151644589690388,0.0,0.8458038133728112,1.068320259269715,276.52525742831045,277.37106124168326,2023-10-05 01:15:56,2023-10-05 06:36:22,2023-10-06 02:54:19,Thursday,6
172,f,2,0,276.3027409824135,277.37106124168326,4.426276392554428,0.041,0.014215150871184044,0.07372360744557227,0.016426262632039033,0.14536502094879536,277.5,277.516426262632,2023-10-05 01:15:56,2023-10-06 06:00:00,2023-10-06 06:23:39,Friday,6
172,e,3,0,276.3027409824135,277.5164262626321,4.618698898025684,0.041,0.061272635393626165,0.0,6.676737444400451,6.779010079794077,277.6186988980257,284.2954363424261,2023-10-05 01:15:56,2023-10-06 08:50:55,2023-10-13 01:05:25,Friday,8
172,c,4,0,276.3027409824135,284.29543634242617,4.603144907371586,0.082,0.22570856494540512,0.0,2.497287177443525,2.80499574238893,284.6031449073716,287.1004320848151,2023-10-05 01:15:56,2023-10-13 08:28:31,2023-10-15 20:24:37,Friday,8
172,e,5,0,276.3027409824135,287.1004320848151,0.1928088300331865,0.041,0.05137674521810209,0.3071911699668135,1.671995220762246,2.0715631359471613,287.5,289.17199522076226,2023-10-05 01:15:56,2023-10-16 06:00:00,2023-10-17 22:07:40,Monday,6
172,b,6,0,276.3027409824135,289.17199522076226,2.323662995064524,0.041,0.1106677743022903,0.17633700493547622,7.692518022758223,8.02052280199599,289.5,297.19251802275824,2023-10-05 01:15:56,2023-10-18 06:00:00,2023-10-25 22:37:13,Wednesday,6
172,b,7,0,276.3027409824135,297.19251802275824,3.3269864387743837,0.082,0.05246841601614887,0.17301356122561629,0.901776448958377,1.2092584262001422,297.5,298.4017764489584,2023-10-05 01:15:56,2023-10-26 06:00:00,2023-10-27 03:38:33,Thursday,6
172,b,8,0,276.3027409824135,298.4017764489584,4.551491437047218,0.082,0.06771498808879091,0.0,0.9306720295889821,1.080387017677773,298.55149143704716,299.48216346663617,2023-10-05 01:15:56,2023-10-27 07:14:08,2023-10-28 05:34:18,Friday,7
172,c,9,0,276.3027409824135,299.48216346663617,5.639093479288192,0.041,0.11593001265204184,1.8609065207118078,0.7798785008856718,2.797715034249521,301.5,302.2798785008857,2023-10-05 01:15:56,2023-10-30 06:00:00,2023-10-31 00:43:01,Monday,6
172,d,10,0,276.3027409824135,302.2798785008857,1.3448091046323043,0.041,0.023930603746610178,0.1551908953676957,0.9021591726280515,1.1222806717423572,302.5,303.40215917262805,2023-10-05 01:15:56,2023-10-31 06:00:00,2023-11-01 03:39:06,Tuesday,6
172,b,11,0,276.3027409824135,303.40215917262805,2.715186340136654,0.041,0.272027167508636,0.0,6.786965436587483,7.099992604096119,303.71518634013665,310.50215177672413,2023-10-05 01:15:56,2023-11-01 11:09:52,2023-11-08 06:03:05,Wednesday,11
172,d,12,0,276.3027409824135,310.5021517767242,2.583043196121139,0.041,0.039891419396941435,0.0,2.9903093534649146,3.071200772861856,310.58304319612114,313.57335254958605,2023-10-05 01:15:56,2023-11-08 07:59:34,2023-11-11 07:45:37,Wednesday,7
172,b,13,0,276.3027409824135,313.57335254958605,5.7186180592620985,0.082,0.06326550967603162,1.7813819407379015,0.09618143358839,2.022828884002323,315.5,315.5961814335884,2023-10-05 01:15:56,2023-11-13 06:00:00,2023-11-13 08:18:30,Monday,6
172,c,14,0,276.3027409824135,315.59618143358836,0.8703261520685146,0.082,0.19214471848018555,0.0,1.3445729086379938,1.6187176271181793,315.8703261520685,317.2148990607065,2023-10-05 01:15:56,2023-11-13 14:53:16,2023-11-14 23:09:27,Monday,14
172,f,15,0,276.3027409824135,317.21489906070656,2.3945034520541526,0.0,0.17960439134758677,0.1054965479458474,0.060726200644195594,0.34582713993762976,317.5,317.5607262006442,2023-10-05 01:15:56,2023-11-15 06:00:00,2023-11-15 07:27:26,Wednesday,6
172,d,16,0,276.3027409824135,317.5607262006442,2.6371713501940803,0.041,0.03544514954988921,0.0,0.06418254287428875,0.14062769242417794,317.6371713501941,317.70135389306836,2023-10-05 01:15:56,2023-11-15 09:17:31,2023-11-15 10:49:56,Wednesday,9
173,c,1,0,277.52994378586783,277.52994378586783,4.742510647031281,0.082,0.13056686116346775,0.0,0.11098168628218726,0.323548547445655,277.7425106470313,277.85349233331345,2023-10-06 06:43:07,2023-10-06 11:49:12,2023-10-06 14:29:01,Friday,11
173,b,2,0,277.52994378586783,277.8534923333135,5.061486504518939,0.123,0.08499417120544517,2.438513495481061,0.040204226598887366,2.6867118932853935,280.5,280.54020422659886,2023-10-06 06:43:07,2023-10-09 06:00:00,2023-10-09 06:57:53,Monday,6
173,d,3,0,277.52994378586783,280.5402042265989,0.7273489450735156,0.041,0.1461447184746252,0.0,23.49141624982777,23.678560968302392,280.7273489450735,304.21876519490127,2023-10-06 06:43:07,2023-10-09 11:27:22,2023-11-01 23:15:01,Monday,11
173,e,4,0,277.52994378586783,304.2187651949013,3.398367342663505,0.082,0.09760214776215512,0.10163265733649496,1.0469787790675007,1.3282135841661509,304.49999999999994,305.54697877906744,2023-10-06 06:43:07,2023-11-02 05:59:59,2023-11-03 07:07:38,Thursday,5
173,f,5,0,277.52994378586783,305.5469787790675,4.774146851918033,0.082,0.14516807285050423,0.0,0.7773771900225339,1.0045452628730382,305.774146851918,306.5515240419405,2023-10-06 06:43:07,2023-11-03 12:34:46,2023-11-04 07:14:11,Friday,12
173,e,6,0,277.52994378586783,306.5515240419405,5.786819627299167,0.123,0.11229558535864688,1.7131803727008332,7.054492740251189,9.002968698310669,308.5,315.5544927402512,2023-10-06 06:43:07,2023-11-06 06:00:00,2023-11-13 07:18:28,Monday,6
174,c,1,0,277.6368716442306,277.6368716442306,4.918836259954787,0.082,0.19996461572416477,0.0,0.3191741409334783,0.601138756657643,277.9188362599548,278.23801040088824,2023-10-06 09:17:05,2023-10-06 16:03:07,2023-10-06 23:42:44,Friday,16
174,e,2,0,277.6368716442306,278.23801040088824,5.398722588309397,0.041,0.11971218742114796,2.101277411690603,3.0416931910599634,5.303682790171715,280.5,283.54169319105995,2023-10-06 09:17:05,2023-10-09 06:00:00,2023-10-12 07:00:02,Monday,6
174,d,3,0,277.6368716442306,283.54169319105995,3.6500092053434514,0.0,0.10831601428349165,0.0,10.75406497761688,10.862380991900372,283.65000920534345,294.40407418296036,2023-10-06 09:17:05,2023-10-12 09:36:00,2023-10-23 03:41:52,Thursday,9
174,d,4,0,277.6368716442306,294.4040741829603,0.5477000746502085,0.082,0.06162589168989187,0.0,0.132224221067824,0.27585011275771587,294.5477000746502,294.679924295718,2023-10-06 09:17:05,2023-10-23 07:08:41,2023-10-23 10:19:05,Monday,7
174,c,5,0,277.6368716442306,294.679924295718,0.8610611177845726,0.082,0.09913682206657473,0.0,1.8567018986468158,2.0378387207133906,294.8610611177846,296.7177630164314,2023-10-06 09:17:05,2023-10-23 14:39:55,2023-10-25 11:13:34,Monday,14
174,d,6,0,277.6368716442306,296.71776301643143,2.877288813826226,0.082,0.07752579739476882,0.0,0.624504043748149,0.7840298411429178,296.87728881382617,297.50179285757434,2023-10-06 09:17:05,2023-10-25 15:03:17,2023-10-26 06:02:34,Wednesday,15
174,b,7,0,277.6368716442306,297.50179285757434,3.6213565591818337,0.041,0.07856370160749448,0.0,2.1207491354077277,2.2403128370152223,297.62135655918183,299.74210569458955,2023-10-06 09:17:05,2023-10-26 08:54:45,2023-10-28 11:48:37,Thursday,8
174,c,8,0,277.6368716442306,299.74210569458955,5.862418261066466,0.041,0.07931256647690019,1.6375817389335339,0.6540063802133187,2.4119006856237526,301.5,302.15400638021333,2023-10-06 09:17:05,2023-10-30 06:00:00,2023-10-30 21:41:46,Monday,6
174,e,9,0,277.6368716442306,302.15400638021333,1.268570044814453,0.082,0.03256366460111842,0.231429955185547,3.847059380178664,4.193052999965329,302.5,306.3470593801787,2023-10-06 09:17:05,2023-10-31 06:00:00,2023-11-04 02:19:45,Tuesday,6
175,d,1,0,279.805957260185,279.805957260185,6.88465743772565,0.041,0.03770017754065931,0.6153425622743498,0.4533807223866303,1.1474234622016395,280.5,280.9533807223866,2023-10-08 13:20:34,2023-10-09 06:00:00,2023-10-09 16:52:52,Monday,6
175,f,2,0,279.805957260185,280.9533807223866,1.3465936425556038,0.041,0.3522129201690037,0.15340635744439624,0.01356961233231086,0.5601888899457108,281.5,281.51356961233233,2023-10-08 13:20:34,2023-10-10 06:00:00,2023-10-10 06:19:32,Tuesday,6
175,f,3,0,279.805957260185,281.51356961233233,1.5808042940114433,0.041,0.026234681679113876,0.0,0.0070339845624443524,0.07426866624155823,281.58080429401144,281.5878382785739,2023-10-08 13:20:34,2023-10-10 07:56:21,2023-10-10 08:06:29,Tuesday,7
176,f,1,0,282.9293873575191,282.9293873575191,2.9956948762902584,0.041,0.02530751877114302,0.0,0.8841117681321625,0.9504192869033056,282.9956948762902,283.8798066444224,2023-10-11 16:18:19,2023-10-11 17:53:48,2023-10-12 15:06:55,Wednesday,17
177,c,1,0,284.3929966726832,284.3929966726832,4.613290670170159,0.082,0.13829399748699298,0.0,0.09444562405402344,0.3147396215410164,284.61329067017016,284.70773629422416,2023-10-13 03:25:54,2023-10-13 08:43:08,2023-10-13 10:59:08,Friday,8
177,d,2,0,284.3929966726832,284.7077362942242,4.7531911984029875,0.041,0.004454904178795456,0.0,0.5132225506782628,0.5586774548570583,284.753191198403,285.26641374908127,2023-10-13 03:25:54,2023-10-13 12:04:35,2023-10-14 00:23:38,Friday,12
177,d,3,0,284.3929966726832,285.26641374908127,5.31030158279907,0.041,0.002887833717803734,2.1896984172009297,0.4019001756692039,2.6354864265879376,287.5,287.9019001756692,2023-10-13 03:25:54,2023-10-16 06:00:00,2023-10-16 15:38:44,Monday,6
178,f,1,0,284.46204111212177,284.46204111212177,4.548355429939363,0.082,0.004314317817609422,0.0,8.015724844491027,8.102039162308637,284.54835542993936,292.5640802744304,2023-10-13 05:05:20,2023-10-13 07:09:37,2023-10-21 07:32:16,Friday,7
179,b,1,0,285.8750386970019,285.8750386970019,5.939057822254881,0.041,0.023019125252974185,1.560942177745119,0.12438030882418302,1.7493416118222762,287.5,287.6243803088242,2023-10-14 15:00:03,2023-10-16 06:00:00,2023-10-16 08:59:06,Monday,6
179,b,2,0,285.8750386970019,287.6243803088242,0.8015007900173714,0.041,0.13612048119316736,0.0,0.13654893257893064,0.313669413772098,287.80150079001737,287.9380497225963,2023-10-14 15:00:03,2023-10-16 13:14:09,2023-10-16 16:30:47,Monday,13
179,f,3,0,285.8750386970019,287.9380497225963,1.099264853520026,0.123,0.03821513092369498,0.400735146479974,2.4878951093550628,3.0498453867587316,288.49999999999994,290.987895109355,2023-10-14 15:00:03,2023-10-17 05:59:59,2023-10-19 17:42:34,Tuesday,5
179,e,4,0,285.8750386970019,290.987895109355,4.077422300615865,0.082,0.007527191260849057,0.42257769938413503,2.727221055739151,3.2393259463841355,291.5,294.22722105573916,2023-10-14 15:00:03,2023-10-20 06:00:00,2023-10-22 23:27:11,Friday,6
179,f,5,0,285.8750386970019,294.22722105573916,0.4124188714199022,0.082,0.10319781568074887,0.08758112858009781,0.15806946773089656,0.4308484119917433,294.5,294.6580694677309,2023-10-14 15:00:03,2023-10-23 06:00:00,2023-10-23 09:47:37,Monday,6
179,b,6,0,285.8750386970019,294.6580694677309,0.8414014161379555,0.0,0.18333194840701708,0.0,0.6411641995404515,0.8244961479474685,294.84140141613796,295.4825656156784,2023-10-14 15:00:03,2023-10-23 14:11:37,2023-10-24 05:34:53,Monday,14
179,e,7,0,285.8750386970019,295.48256561567837,1.5282175836741203,0.041,0.00465196799576837,0.0,0.6830755683204038,0.7287275363161723,295.5282175836741,296.21129315199454,2023-10-14 15:00:03,2023-10-24 06:40:37,2023-10-24 23:04:15,Tuesday,6
179,e,8,0,285.8750386970019,296.21129315199454,2.3143839123803787,0.082,0.021090760385866214,0.18561608761962134,1.4715524360787615,1.760259284084249,296.5,297.97155243607875,2023-10-14 15:00:03,2023-10-25 06:00:00,2023-10-26 17:19:02,Wednesday,6
179,d,9,0,285.8750386970019,297.9715524360788,4.05548871956114,0.082,0.0019362834823536922,0.44451128043886,9.7146405371009,10.243088101022114,298.5,308.2146405371009,2023-10-14 15:00:03,2023-10-27 06:00:00,2023-11-05 23:09:04,Friday,6
179,c,10,0,285.8750386970019,308.21464053710093,0.36526306650586093,0.123,0.027622529404944363,0.13473693349413907,1.010984705474067,1.2963441683731505,308.5,309.5109847054741,2023-10-14 15:00:03,2023-11-06 06:00:00,2023-11-07 06:15:49,Monday,6
179,f,11,0,285.8750386970019,309.5109847054741,1.6916943759103447,0.041,0.13970967043625535,0.0,4.402136967560634,4.582846637996889,309.69169437591034,314.093831343471,2023-10-14 15:00:03,2023-11-07 10:36:02,2023-11-11 20:15:07,Tuesday,10
179,c,12,0,285.8750386970019,314.093831343471,6.178281944989578,0.041,0.043450601518609466,1.3217180550104217,0.9982061681431039,2.4043748246721353,315.5,316.4982061681431,2023-10-14 15:00:03,2023-11-13 06:00:00,2023-11-14 05:57:25,Monday,6
179,b,13,0,285.8750386970019,316.4982061681431,1.5662398644537916,0.041,0.027033696310701336,0.0,0.10459589761871384,0.17262959392941518,316.5662398644538,316.6708357620725,2023-10-14 15:00:03,2023-11-14 07:35:23,2023-11-14 10:06:00,Tuesday,7
179,b,14,0,285.8750386970019,316.6708357620725,1.7602425783863396,0.082,0.0074068163138163836,0.0,1.8739356870218238,1.9633425033356402,316.7602425783863,318.6341782654081,2023-10-14 15:00:03,2023-11-14 12:14:44,2023-11-16 09:13:13,Tuesday,12
180,c,1,0,287.89622848947965,287.89622848947965,1.0757817338947575,0.041,0.1385532444150853,0.4242182661052425,0.13456981089256612,0.738341321412894,288.5,288.6345698108926,2023-10-16 15:30:34,2023-10-17 06:00:00,2023-10-17 09:13:46,Tuesday,6
180,d,2,0,287.89622848947965,288.6345698108926,1.943081047220062,0.123,0.18551123632750133,0.0,0.6846356512631674,0.9931468875906687,288.94308104722006,289.62771669848325,2023-10-16 15:30:34,2023-10-17 16:38:02,2023-10-18 09:03:54,Tuesday,16
181,d,1,0,291.3050688846925,291.3050688846925,4.440354470276361,0.0,0.13528558558384315,0.0596455297236389,1.046369091205112,1.241300206512594,291.5,292.5463690912051,2023-10-20 01:19:17,2023-10-20 06:00:00,2023-10-21 07:06:46,Friday,6
182,e,1,0,292.7248226668775,292.7248226668775,6.173941899846966,0.041,0.4081192329694739,1.326058100153034,0.0728533382607421,1.8480306713832502,294.5,294.57285333826076,2023-10-21 11:23:44,2023-10-23 06:00:00,2023-10-23 07:44:54,Monday,6
183,b,1,0,293.55582748962166,293.55582748962166,6.619166564302191,0.041,0.022339074680505354,0.8808334356978094,0.2713857732079296,1.2155582835862444,294.5,294.77138577320795,2023-10-22 07:20:23,2023-10-23 06:00:00,2023-10-23 12:30:47,Monday,6
183,b,2,0,293.55582748962166,294.7713857732079,0.8646301372416474,0.041,0.05224436403376886,0.0,9.875498177153384e-05,0.09334311901554039,294.86463013724165,294.8647288922234,2023-10-22 07:20:23,2023-10-23 14:45:04,2023-10-23 14:45:12,Monday,14
184,f,1,0,294.5378975748191,294.5378975748191,1.024547770696131,0.082,0.40465019587699536,0.475452229303869,0.08038827239998475,1.042490697580849,295.49999999999994,295.58038827239994,2023-10-23 06:54:34,2023-10-24 05:59:59,2023-10-24 07:55:45,Tuesday,5
184,e,2,0,294.5378975748191,295.58038827239994,1.668706694232128,0.041,0.04731842183220194,0.0,0.5409852268142551,0.629303648646457,295.6687066942321,296.2096919210464,2023-10-23 06:54:34,2023-10-24 10:02:56,2023-10-24 23:01:57,Tuesday,10
184,e,3,0,294.5378975748191,296.2096919210464,2.239311865101797,0.0,0.029619944055386167,0.26068813489820286,7.624223825425009,7.914531904378598,296.5,304.124223825425,2023-10-23 06:54:34,2023-10-25 06:00:00,2023-11-01 20:58:52,Wednesday,6
184,c,4,0,294.5378975748191,304.12422382542496,3.2124871666502486,0.082,0.006263341225309991,0.2875128333497514,3.0551009438933714,3.430877118468433,304.5,307.55510094389336,2023-10-23 06:54:34,2023-11-02 06:00:00,2023-11-05 07:19:20,Thursday,6
184,e,5,0,294.5378975748191,307.5551009438934,6.563106792099518,0.0,0.00800584820611963,0.9368932079004821,2.3421496191697475,3.287048675276349,308.5,310.84214961916973,2023-10-23 06:54:34,2023-11-06 06:00:00,2023-11-08 14:12:41,Monday,6
185,e,1,0,306.0077755113672,306.0077755113672,5.0988496997684365,0.082,0.009074188401274419,2.4011503002315635,0.1694190228923797,2.6616435115252175,308.5,308.6694190228924,2023-11-03 18:11:11,2023-11-06 06:00:00,2023-11-06 10:03:57,Monday,6
186,d,1,0,308.81646695224674,308.81646695224674,1.035805434688541,0.041,0.1783384824417813,0.464194565311459,0.1127676888200446,0.7963007365732849,309.5,309.61276768882004,2023-11-06 13:35:42,2023-11-07 06:00:00,2023-11-07 08:42:23,Tuesday,6
186,d,2,0,308.81646695224674,309.61276768882004,1.7111526004578081,0.082,0.016384911637738364,0.0,0.005484746164528427,0.1038696578022668,309.71115260045775,309.7166373466223,2023-11-06 13:35:42,2023-11-07 11:04:03,2023-11-07 11:11:57,Tuesday,11
186,f,3,0,308.81646695224674,309.7166373466223,1.8173731184074882,0.082,0.018735771785222857,0.0,0.3053702730654145,0.40610604485063734,309.8173731184075,310.1227433914729,2023-11-06 13:35:42,2023-11-07 13:37:01,2023-11-07 20:56:45,Tuesday,13
186,b,4,0,308.81646695224674,310.1227433914729,2.278355745178203,0.082,0.07361235370528169,0.22164425482179695,0.4902151115720126,0.8674717200990912,310.5,310.990215111572,2023-11-06 13:35:42,2023-11-08 06:00:00,2023-11-08 17:45:54,Wednesday,6
186,d,5,0,308.81646695224674,310.990215111572,3.0937117983988287,0.082,0.02149668682684133,0.4062882016011713,0.004257091148031732,0.5140419795760444,311.5,311.504257091148,2023-11-06 13:35:42,2023-11-09 06:00:00,2023-11-09 06:06:07,Thursday,6
187,f,1,0,309.6886880065726,309.6886880065726,1.8749265494502652,0.123,0.06323854287769717,0.0,11.685423266147621,11.87166180902532,309.87492654945027,321.5603498155979,2023-11-07 10:31:42,2023-11-07 14:59:53,2023-11-19 07:26:54,Tuesday,14
187,d,2,0,309.6886880065726,321.56034981559793,6.7067468992881345,0.041,0.10539708369021439,0.7932531007118655,0.6801816255940997,1.6198318099961795,322.5,323.1801816255941,2023-11-07 10:31:42,2023-11-20 06:00:00,2023-11-20 22:19:27,Monday,6
187,c,3,0,309.6886880065726,323.1801816255941,1.3745093314987002,0.041,0.15332770590457823,0.12549066850129975,3.9074058279945434,4.227224202400421,323.5,327.4074058279945,2023-11-07 10:31:42,2023-11-21 06:00:00,2023-11-25 03:46:39,Tuesday,6
188,c,1,0,312.25299493689255,312.25299493689255,4.405950115877772,0.082,0.07095517898522985,0.09404988412222792,1.2635506398802108,1.5105557029876686,312.5,313.76355063988024,2023-11-10 00:04:18,2023-11-10 06:00:00,2023-11-11 12:19:30,Friday,6
188,f,2,0,312.25299493689255,313.76355063988024,5.860343547613695,0.041,0.05579290773344469,1.6396564523863049,0.002312745123740597,1.73876210524349,315.5,315.50231274512373,2023-11-10 00:04:18,2023-11-13 06:00:00,2023-11-13 06:03:19,Monday,6
188,f,3,0,312.25299493689255,315.50231274512373,0.7175965975301892,0.082,0.13328385240644217,0.0,1.901770656897977,2.117054509304419,315.7175965975302,317.61936725442814,2023-11-10 00:04:18,2023-11-13 11:13:20,2023-11-15 08:51:53,Monday,11
188,d,4,0,312.25299493689255,317.61936725442814,2.7723860641063993,0.123,0.03001880967826459,0.0,0.1217835618363655,0.2748023715146301,317.7723860641064,317.89416962594277,2023-11-10 00:04:18,2023-11-15 12:32:14,2023-11-15 15:27:36,Wednesday,12
188,e,5,0,312.25299493689255,317.89416962594277,3.03480389578624,0.082,0.058634269843491404,0.46519610421376,9.430060419202807,10.035890793260059,318.5,327.9300604192028,2023-11-10 00:04:18,2023-11-16 06:00:00,2023-11-25 16:19:17,Thursday,6
189,b,1,0,312.67098008930543,312.67098008930543,4.829230760810276,0.082,0.07625067150481894,0.0,0.6293830250385613,0.7876336965433802,312.8292307608102,313.4586137858488,2023-11-10 10:06:12,2023-11-10 13:54:05,2023-11-11 05:00:24,Friday,13
190,e,1,0,313.59541764032934,313.59541764032934,5.692535640718006,0.041,0.05611800038864395,1.807464359281994,0.0006376730870595442,1.9052200327576976,315.5,315.50063767308706,2023-11-11 08:17:24,2023-11-13 06:00:00,2023-11-13 06:00:55,Monday,6
190,c,2,0,313.59541764032934,315.50063767308706,0.6282383465228918,0.041,0.08660067343586186,0.0,0.4186296108398692,0.5462302842757311,315.6282383465229,316.04686795736274,2023-11-11 08:17:24,2023-11-13 09:04:39,2023-11-13 19:07:29,Monday,9
191,e,1,0,315.3687400741974,315.3687400741974,0.45797071740992124,0.041,0.04823064321253695,0.042029282590078765,0.20192610227071395,0.33318602807332964,315.5,315.7019261022707,2023-11-13 02:50:59,2023-11-13 06:00:00,2023-11-13 10:50:46,Monday,6
191,d,2,0,315.3687400741974,315.7019261022707,0.8154636661839731,0.082,0.031537563913255934,0.0,0.48144993633658256,0.5949875002498385,315.815463666184,316.29691360252053,2023-11-13 02:50:59,2023-11-13 13:34:16,2023-11-14 01:07:33,Monday,13
191,e,3,0,315.3687400741974,316.29691360252053,1.4110476683327988,0.082,0.03213406581226217,0.08895233166720118,3.324991112286285,3.5280775097657484,316.5,319.8249911122863,2023-11-13 02:50:59,2023-11-14 06:00:00,2023-11-17 13:47:59,Tuesday,6
191,d,4,0,315.3687400741974,319.8249911122863,4.882866252900726,0.041,0.016875140614428862,0.0,0.13190199541866654,0.1897771360330954,319.8828662529007,320.0147682483194,2023-11-13 02:50:59,2023-11-17 15:11:19,2023-11-17 18:21:15,Friday,15
191,f,5,0,315.3687400741974,320.0147682483194,5.185462726659125,0.082,0.08869447833974567,2.314537273340875,6.679561303701197,9.164793055381818,322.5,329.1795613037012,2023-11-13 02:50:59,2023-11-20 06:00:00,2023-11-26 22:18:34,Monday,6
191,e,6,0,315.3687400741974,329.17956130370123,0.41180115972906606,0.041,0.19123985602780585,0.08819884027093394,4.061828267752427,4.3822669640511664,329.49999999999994,333.5618282677524,2023-11-13 02:50:59,2023-11-27 05:59:59,2023-12-01 07:29:01,Monday,5
191,e,7,0,315.3687400741974,333.5618282677524,4.863718183426386,0.082,0.2198899156739832,0.0,1.3272401281169321,1.6291300437909153,333.8637181834264,335.19095831154334,2023-11-13 02:50:59,2023-12-01 14:43:45,2023-12-02 22:34:58,Friday,14
191,e,8,0,315.3687400741974,335.1909583115433,6.327371264124054,0.082,0.054412952580743724,1.1726287358759464,1.3772586863520626,2.686300374808753,336.49999999999994,337.877258686352,2023-11-13 02:50:59,2023-12-04 05:59:59,2023-12-05 15:03:15,Monday,5
192,c,1,0,317.5806955734642,317.5806955734642,2.6480058066103425,0.041,0.02631023314616972,0.0,0.14023811461620536,0.20754834776237507,317.64800580661034,317.7882439212265,2023-11-15 07:56:12,2023-11-15 09:33:07,2023-11-15 12:55:04,Wednesday,9
192,b,2,0,317.5806955734642,317.7882439212266,2.8847483912883263,0.082,0.014504470061756003,0.0,0.04513783567216076,0.14164230573391678,317.8847483912883,317.9298862269605,2023-11-15 07:56:12,2023-11-15 15:14:02,2023-11-15 16:19:02,Wednesday,15
192,e,3,0,317.5806955734642,317.9298862269605,3.010578644934469,0.041,0.03969241797395817,0.48942135506553086,3.5277290071401364,4.097842780179626,318.5,322.0277290071401,2023-11-15 07:56:12,2023-11-16 06:00:00,2023-11-19 18:39:55,Thursday,6
192,d,4,0,317.5806955734642,322.0277290071401,0.2222991628943305,0.082,0.11257015575420407,0.2777008371056695,0.016717110438954852,0.4889881032988284,322.5,322.51671711043895,2023-11-15 07:56:12,2023-11-20 06:00:00,2023-11-20 06:24:04,Monday,6
192,d,5,0,317.5806955734642,322.51671711043895,0.6525255675047674,0.041,0.0948084570658293,0.0,0.27157539234785844,0.40738384941368777,322.65252556750477,322.92410095985264,2023-11-15 07:56:12,2023-11-20 09:39:38,2023-11-20 16:10:42,Monday,9
192,b,6,0,317.5806955734642,322.92410095985264,1.0353629324918643,0.082,0.029261972639254105,0.4646370675081357,0.0779709130376895,0.6538699531850793,323.5,323.5779709130377,2023-11-15 07:56:12,2023-11-21 06:00:00,2023-11-21 07:52:16,Tuesday,6
192,c,7,0,317.5806955734642,323.5779709130377,1.7859812731898046,0.041,0.16701036015212134,0.0,5.972585948189172,6.180596308341293,323.7859812731898,329.758567221379,2023-11-15 07:56:12,2023-11-21 12:51:48,2023-11-27 12:12:20,Tuesday,12
192,b,8,0,317.5806955734642,329.758567221379,0.9639078487691677,0.082,0.12334062739019079,0.0,4.383450479384765,4.588791106774956,329.96390784876917,334.3473583281539,2023-11-15 07:56:12,2023-11-27 17:08:01,2023-12-02 02:20:11,Monday,17
193,e,1,0,318.0984078474027,318.0984078474027,3.240685058678821,0.082,0.06027721127609464,0.25931494132117905,0.6065968879916335,1.0081890405889071,318.5,319.10659688799166,2023-11-15 20:21:42,2023-11-16 06:00:00,2023-11-16 20:33:29,Thursday,6
193,e,2,0,318.0984078474027,319.1065968879916,4.439602931677882,0.082,0.25100604368630364,0.060397068322117775,0.022752829818165992,0.41615594182658744,319.5,319.52275282981816,2023-11-15 20:21:42,2023-11-17 06:00:00,2023-11-17 06:32:45,Friday,6
194,c,1,0,319.05338554909736,319.05338554909736,4.224944852035378,0.082,0.08955930293804554,0.27505514796462194,2.0279393977514464,2.474553848654114,319.5,321.5279393977514,2023-11-16 19:16:52,2023-11-17 06:00:00,2023-11-19 06:40:13,Friday,6
194,e,2,0,319.05338554909736,321.5279393977515,6.577333840337985,0.0,0.04939444258650915,0.9226661596620147,3.4716895997273207,4.443750201975845,322.5,325.9716895997273,2023-11-16 19:16:52,2023-11-20 06:00:00,2023-11-23 17:19:13,Monday,6
194,d,3,0,319.05338554909736,325.9716895997273,4.042692379090113,0.0,0.07100277936277342,0.4573076209098872,1.3633569289986418,1.8916673292713024,326.5,327.86335692899866,2023-11-16 19:16:52,2023-11-24 06:00:00,2023-11-25 14:43:14,Friday,6
194,b,4,0,319.05338554909736,327.8633569289986,6.006907117472281,0.123,0.020550188473702956,1.4930928825277192,0.016070958163674376,1.6527140291650966,329.5,329.51607095816365,2023-11-16 19:16:52,2023-11-27 06:00:00,2023-11-27 06:23:08,Monday,6
194,d,5,0,319.05338554909736,329.5160709581637,0.6036647890979907,0.0,0.08759383093427602,0.0,4.764042837564073,4.851636668498349,329.603664789098,334.3677076266621,2023-11-16 19:16:52,2023-11-27 08:29:16,2023-12-02 02:49:29,Monday,8
194,e,6,0,319.05338554909736,334.3677076266621,5.6088643028838305,0.082,0.15915667622176222,1.8911356971161695,4.94152735630857,7.073819729646502,336.5,341.4415273563086,2023-11-16 19:16:52,2023-12-04 06:00:00,2023-12-09 04:35:47,Monday,6
194,d,7,0,319.05338554909736,341.4415273563086,5.504792323911431,0.041,0.022264967602832877,1.9952076760885689,7.643546368753076,9.702019012444477,343.5,351.14354636875305,2023-11-16 19:16:52,2023-12-11 06:00:00,2023-12-18 21:26:42,Monday,6
194,b,8,0,319.05338554909736,351.14354636875305,1.2805312791445544,0.082,0.05498491039153224,0.21946872085544555,0.6156032233698558,0.9720568546168337,351.5,352.1156032233699,2023-11-16 19:16:52,2023-12-19 06:00:00,2023-12-19 20:46:28,Tuesday,6
194,d,9,0,319.05338554909736,352.1156032233699,2.2729486029622876,0.041,0.11634537959244128,0.22705139703771238,1.237402408506174,1.6217991851363276,352.5,353.73740240850617,2023-11-16 19:16:52,2023-12-20 06:00:00,2023-12-21 11:41:51,Wednesday,6
194,c,10,0,319.05338554909736,353.7374024085062,3.9025503892249276,0.041,0.12414798071870473,0.0,1.5724335634390694,1.737581544157774,353.9025503892249,355.474983952664,2023-11-16 19:16:52,2023-12-21 15:39:40,2023-12-23 05:23:58,Thursday,15
194,b,11,0,319.05338554909736,355.474983952664,5.564669514238972,0.041,0.04868556157498438,1.9353304857610283,3.453251606658093,5.478267653994106,357.5,360.9532516066581,2023-11-16 19:16:52,2023-12-25 06:00:00,2023-12-28 16:52:40,Monday,6
194,d,12,0,319.05338554909736,360.9532516066581,4.0361303956029815,0.082,0.0008787889448587624,0.4638696043970185,0.03087637802828314,0.5776247713701604,361.5,361.53087637802827,2023-11-16 19:16:52,2023-12-29 06:00:00,2023-12-29 06:44:27,Friday,6
194,c,13,0,319.05338554909736,361.53087637802827,4.57041190109868,0.0,0.03953552307039679,0.0,0.6037232542674776,0.6432587773378744,361.5704119010987,362.1741351553662,2023-11-16 19:16:52,2023-12-29 07:41:23,2023-12-29 22:10:45,Friday,7
194,e,14,0,319.05338554909736,362.1741351553661,5.29531591567536,0.041,0.08018076030924237,2.20468408432464,0.33633019518589846,2.662195039819781,364.5,364.8363301951859,2023-11-16 19:16:52,2024-01-01 06:00:00,2024-01-01 14:04:18,Monday,6
194,c,15,0,319.05338554909736,364.8363301951859,0.936673971156381,0.082,0.018343775970504943,0.0,6.300240039564077,6.400583815534582,364.9366739711564,371.23691401072045,2023-11-16 19:16:52,2024-01-01 16:28:48,2024-01-07 23:41:09,Monday,16
194,e,16,0,319.05338554909736,371.23691401072045,0.41618948327590033,0.041,0.13827547255547332,0.08381051672409967,2.522858074080859,2.785944063360432,371.5,374.0228580740809,2023-11-16 19:16:52,2024-01-08 06:00:00,2024-01-10 18:32:54,Monday,6
194,e,17,0,319.05338554909736,374.0228580740809,3.2374311198264536,0.082,0.13257304574557277,0.2625688801735464,0.5325481905538325,1.0096901164729517,374.5,375.0325481905538,2023-11-16 19:16:52,2024-01-11 06:00:00,2024-01-11 18:46:52,Thursday,6
194,b,18,0,319.05338554909736,375.0325481905538,4.337656312967454,0.041,0.26410812241365555,0.1623436870325463,0.24253111977281364,0.7099829292190155,375.5,375.7425311197728,2023-11-16 19:16:52,2024-01-12 06:00:00,2024-01-12 11:49:14,Friday,6
194,e,19,0,319.05338554909736,375.7425311197728,4.938815031733839,0.123,0.07328391196101108,0.0,0.21007351862080242,0.4063574305818135,375.93881503173384,376.1488885503546,2023-11-16 19:16:52,2024-01-12 16:31:53,2024-01-12 21:34:23,Friday,16
194,f,20,0,319.05338554909736,376.1488885503546,5.195147004717455,0.041,0.005258454362845513,2.3048529952825447,0.4446652590826091,2.7957767087279994,378.5,378.9446652590826,2023-11-16 19:16:52,2024-01-15 06:00:00,2024-01-15 16:40:19,Monday,6
194,e,21,0,319.05338554909736,378.9446652590826,1.885025288078225,0.041,0.8993600289956174,0.0,1.3328397312847016,2.273199760280319,379.8850252880782,381.21786501936293,2023-11-16 19:16:52,2024-01-16 15:14:26,2024-01-17 23:13:43,Tuesday,15
194,e,22,0,319.05338554909736,381.21786501936293,3.3429375048016254,0.041,0.08407248543867984,0.15706249519837456,1.2586216172158857,1.54075659785294,381.5,382.7586216172159,2023-11-16 19:16:52,2024-01-18 06:00:00,2024-01-19 12:12:24,Thursday,6
194,f,23,0,319.05338554909736,382.75862161721585,4.887019387334192,0.082,0.0463977701183344,0.0,15.665220727305988,15.793618497424323,382.8870193873342,398.5522401146402,2023-11-16 19:16:52,2024-01-19 15:17:18,2024-02-04 07:15:13,Friday,15
194,c,24,0,319.05338554909736,398.5522401146402,6.89493362567697,0.041,0.30169351103675374,0.6050663743230302,0.23762228155732948,1.1853821669171134,399.5,399.7376222815573,2023-11-16 19:16:52,2024-02-05 06:00:00,2024-02-05 11:42:10,Monday,6
194,c,25,0,319.05338554909736,399.7376222815573,0.8097124440615744,0.0,0.07209016250426377,0.0,1.487710730920047,1.5598008934243108,399.8097124440616,401.29742317498165,2023-11-16 19:16:52,2024-02-05 13:25:59,2024-02-07 01:08:17,Monday,13
194,d,26,0,319.05338554909736,401.29742317498165,2.429326697479951,0.041,0.09090352249832365,0.07067330252004922,6.23737542853543,6.439952253553804,401.5,407.7373754285354,2023-11-16 19:16:52,2024-02-07 06:00:00,2024-02-13 11:41:49,Wednesday,6
194,f,27,0,319.05338554909736,407.7373754285355,1.9533217108720464,0.082,0.13394628233655193,0.0,1.4170519882313601,1.632998270567912,407.953321710872,409.37037369910337,2023-11-16 19:16:52,2024-02-13 16:52:46,2024-02-15 02:53:20,Tuesday,16
194,f,28,0,319.05338554909736,409.37037369910337,3.90171232007134,0.123,0.4083386209679569,0.0,0.4302561887255536,0.9615948096935105,409.90171232007134,410.3319685087969,2023-11-16 19:16:52,2024-02-15 15:38:27,2024-02-16 01:58:02,Thursday,15
195,b,1,0,320.0794772192612,320.0794772192612,5.145133686735221,0.041,0.02465646747399845,2.354866313264779,7.580288557134497,10.000811337873275,322.5,330.0802885571345,2023-11-17 19:54:26,2023-11-20 06:00:00,2023-11-27 19:55:36,Monday,6
195,b,2,0,320.0794772192612,330.0802885571345,1.1851138776116272,0.041,0.06382532047709266,0.31488612238837277,0.006564099625050373,0.42627554249051586,330.49999999999994,330.506564099625,2023-11-17 19:54:26,2023-11-28 05:59:59,2023-11-28 06:09:27,Tuesday,5
196,d,1,0,320.16772147688516,320.16772147688516,5.343389799499164,0.041,0.1346683226140292,2.156610200500836,1.680935050277665,4.01321357339253,322.5,324.18093505027764,2023-11-17 22:01:31,2023-11-20 06:00:00,2023-11-21 22:20:32,Monday,6
196,f,2,0,320.16772147688516,324.1809350502777,2.296278254035144,0.041,0.07434320375742592,0.20372174596485593,0.009055557730497843,0.32812050745277965,324.5,324.5090555577305,2023-11-17 22:01:31,2023-11-22 06:00:00,2023-11-22 06:13:02,Wednesday,6
196,e,3,0,320.16772147688516,324.50905555773045,2.7299987679022024,0.041,0.17994321017174908,0.0,1.2041931768226837,1.4251363869944327,324.7299987679022,325.9341919447249,2023-11-17 22:01:31,2023-11-22 11:31:11,2023-11-23 16:25:14,Wednesday,11
196,f,4,0,320.16772147688516,325.9341919447249,4.1753869558906445,0.082,0.15919501116575374,0.32461304410935554,0.4932649170067497,1.059072972281859,326.5,326.99326491700674,2023-11-17 22:01:31,2023-11-24 06:00:00,2023-11-24 17:50:18,Friday,6
196,b,5,0,320.16772147688516,326.99326491700674,5.152257566909157,0.082,0.07699264990240064,2.3477424330908434,17.978876130989264,20.48561121398251,329.5,347.47887613098925,2023-11-17 22:01:31,2023-11-27 06:00:00,2023-12-15 05:29:34,Monday,6
196,c,6,0,320.16772147688516,347.47887613098925,4.595403832167108,0.082,0.034527701177837475,0.0,0.5961685899806453,0.7126962911584828,347.5954038321671,348.1915724221478,2023-11-17 22:01:31,2023-12-15 08:17:22,2023-12-15 22:35:51,Friday,8
196,f,7,0,320.16772147688516,348.1915724221477,5.328488124449564,0.0,0.1369157023018692,2.1715118755504363,6.521409510852473,8.829837088704778,350.5,357.0214095108525,2023-11-17 22:01:31,2023-12-18 06:00:00,2023-12-24 18:30:49,Monday,6
196,c,8,0,320.16772147688516,357.0214095108525,0.12208489800906364,0.082,0.01867538715657292,0.37791510199093636,3.3740120773613187,3.852602566508828,357.5,360.87401207736133,2023-11-17 22:01:31,2023-12-25 06:00:00,2023-12-28 14:58:34,Monday,6
196,b,9,0,320.16772147688516,360.87401207736133,4.005593319276102,0.0,0.13158124191475357,0.49440668072389826,7.7787710554161125,8.404758978054764,361.5,369.2787710554161,2023-11-17 22:01:31,2023-12-29 06:00:00,2024-01-06 00:41:25,Friday,6
196,c,10,0,320.16772147688516,369.2787710554161,5.365071303212744,0.041,0.04530024779664402,2.134928696787256,5.214290762437149,7.435519707021049,371.5,376.71429076243714,2023-11-17 22:01:31,2024-01-08 06:00:00,2024-01-13 11:08:34,Monday,6
197,e,1,0,322.9121698565113,322.9121698565113,0.9943585978214173,0.082,0.00018874131014762652,0.0,0.01570131020852106,0.09789005151866868,322.9943585978214,323.0100599080299,2023-11-20 15:53:31,2023-11-20 17:51:52,2023-11-20 18:14:29,Monday,17
197,f,2,0,322.9121698565113,323.01005990803,1.0244402378633595,0.0,0.014380329833403739,0.47555976213664053,0.010365334980129912,0.5003054269501742,323.5,323.5103653349801,2023-11-20 15:53:31,2023-11-21 06:00:00,2023-11-21 06:14:55,Tuesday,6
197,c,3,0,322.9121698565113,323.5103653349801,1.5743561514608473,0.0,0.06399081648073172,0.0,3.706853020453475,3.770843836934207,323.57435615146085,327.2812091719143,2023-11-20 15:53:31,2023-11-21 07:47:04,2023-11-25 00:44:56,Tuesday,7
197,c,4,0,322.9121698565113,327.2812091719143,5.558805746331302,0.082,0.19559657441694753,1.941194253668698,1.3517678707872014,3.570558698872847,329.49999999999994,330.85176787078717,2023-11-20 15:53:31,2023-11-27 05:59:59,2023-11-28 14:26:32,Monday,5
197,d,5,0,322.9121698565113,330.85176787078717,2.014708003283147,0.082,0.08094013249596935,0.4852919967168532,5.339310885232041,5.987543014444864,331.5,336.83931088523207,2023-11-20 15:53:31,2023-11-29 06:00:00,2023-12-04 14:08:36,Wednesday,6
197,b,6,0,322.9121698565113,336.839310885232,0.9033919322359338,0.041,0.02308104700394607,0.0,1.472369283243155,1.536450330247101,336.90339193223593,338.3757612154791,2023-11-20 15:53:31,2023-12-04 15:40:53,2023-12-06 03:01:05,Monday,15
197,f,7,0,322.9121698565113,338.3757612154791,2.4611842147535867,0.082,0.0034229992744716103,0.03881578524641327,4.7097464206686075,4.833985205189492,338.49999999999994,343.2097464206685,2023-11-20 15:53:31,2023-12-06 05:59:59,2023-12-10 23:02:02,Wednesday,5
197,b,8,0,322.9121698565113,343.2097464206686,0.3102174729061744,0.082,0.018471052237567693,0.1897825270938256,0.15764970566643147,0.4479032849978247,343.49999999999994,343.65764970566636,2023-11-20 15:53:31,2023-12-11 05:59:59,2023-12-11 09:47:00,Monday,5
197,c,9,0,322.9121698565113,343.6576497056664,0.7009303252838777,0.041,0.0022806196174880557,0.0,2.873479461967166,2.916760081584654,343.7009303252839,346.57440978725106,2023-11-20 15:53:31,2023-12-11 10:49:20,2023-12-14 07:47:09,Monday,10
197,b,10,0,322.9121698565113,346.57440978725106,3.743834803684706,0.082,0.08742501643362895,0.0,8.061879195612129,8.231304212045757,346.7438348036847,354.8057139992968,2023-11-20 15:53:31,2023-12-14 11:51:07,2023-12-22 13:20:13,Thursday,11
198,f,1,0,323.1473874083136,323.1473874083136,1.5440026457962404,0.123,0.27361523748266176,0.0,9.312330122118695,9.708945359601357,323.54400264579624,332.8563327679149,2023-11-20 21:32:14,2023-11-21 07:03:21,2023-11-30 14:33:07,Tuesday,7
199,e,1,0,325.2570446603948,325.2570446603948,3.3597617446118306,0.082,0.020717084217015225,0.14023825538816936,1.9737893132155295,2.216744652820714,325.5,327.47378931321555,2023-11-23 00:10:08,2023-11-23 06:00:00,2023-11-25 05:22:15,Thursday,6
199,b,2,0,325.2570446603948,327.4737893132155,5.736743213803209,0.041,0.22195390058769557,1.7632567861967914,0.003224117912093665,2.0294348046965807,329.5,329.5032241179121,2023-11-23 00:10:08,2023-11-27 06:00:00,2023-11-27 06:04:38,Monday,6
199,c,3,0,325.2570446603948,329.50322411791205,0.6634265818232734,0.123,0.037202463911238715,0.0,2.668353445371409,2.8285559092826476,329.6634265818233,332.33178002719467,2023-11-23 00:10:08,2023-11-27 09:55:20,2023-11-30 01:57:45,Monday,9
199,c,4,0,325.2570446603948,332.3317800271947,3.3989236619935923,0.041,0.026143634798852452,0.1010763380064077,1.5131184451829451,1.6813384179882052,332.5,334.01311844518295,2023-11-23 00:10:08,2023-11-30 06:00:00,2023-12-01 18:18:53,Thursday,6
199,f,5,0,325.2570446603948,334.01311844518295,5.2225729162917105,0.082,0.1274544711087455,2.2774270837082895,1.305694591430911,3.7925761462479457,336.5,337.8056945914309,2023-11-23 00:10:08,2023-12-04 06:00:00,2023-12-05 13:20:12,Monday,6
199,f,6,0,325.2570446603948,337.8056945914309,1.9846064388280524,0.041,0.13791184739715096,0.0,0.1703911870321179,0.34930303442926885,337.98460643882805,338.1549976258602,2023-11-23 00:10:08,2023-12-05 17:37:49,2023-12-05 21:43:11,Tuesday,17
199,e,7,0,325.2570446603948,338.1549976258602,2.3504598504233627,0.082,0.11346222456320024,0.1495401495766373,1.012907132679829,1.3579095068196665,338.5,339.51290713267986,2023-11-23 00:10:08,2023-12-06 06:00:00,2023-12-07 06:18:35,Wednesday,6
199,e,8,0,325.2570446603948,339.51290713267986,3.681204516757873,0.123,0.045297384078025506,0.0,3.9674659643123933,4.135763348390419,339.6812045167579,343.64867048107027,2023-11-23 00:10:08,2023-12-07 10:20:56,2023-12-11 09:34:05,Thursday,10
199,d,9,0,325.2570446603948,343.64867048107027,0.7009470597455447,0.041,0.011276578675263126,0.0,1.5932483783078626,1.6455249569831256,343.70094705974554,345.2941954380534,2023-11-23 00:10:08,2023-12-11 10:49:21,2023-12-13 01:03:38,Monday,10
199,b,10,0,325.2570446603948,345.2941954380534,2.4688066240589706,0.082,0.09261118600557909,0.031193375941029444,3.6555442202985264,3.861348782245135,345.5,349.1555442202985,2023-11-23 00:10:08,2023-12-13 06:00:00,2023-12-16 21:43:59,Wednesday,6
200,b,1,0,325.6862740333291,325.6862740333291,3.973114351284096,0.0,0.28684031795501047,0.0,0.033286750882141114,0.3201270688371516,325.9731143512841,326.00640110216625,2023-11-23 10:28:14,2023-11-23 17:21:17,2023-11-23 18:09:13,Thursday,17
200,e,2,0,325.6862740333291,326.00640110216625,4.143223638014717,0.041,0.09582253584844763,0.3567763619852826,0.17522159558480568,0.6688204934185359,326.5,326.6752215955848,2023-11-23 10:28:14,2023-11-24 06:00:00,2023-11-24 10:12:19,Friday,6
200,e,3,0,325.6862740333291,326.6752215955848,4.932179516567658,0.082,0.17495792098284452,0.0,4.165169020255159,4.4221269412380035,326.9321795165676,331.0973485368228,2023-11-23 10:28:14,2023-11-24 16:22:20,2023-11-28 20:20:10,Friday,16
200,e,4,0,325.6862740333291,331.0973485368228,2.1702907969501553,0.041,0.03194226012735692,0.32970920304984475,2.5340600851234436,2.936711548300645,331.5,334.03406008512343,2023-11-23 10:28:14,2023-11-29 06:00:00,2023-12-01 18:49:02,Wednesday,6
200,b,5,0,325.6862740333291,334.03406008512343,5.308865628534647,0.041,0.23380554341120474,2.1911343714653526,4.909535635757783,7.375475550634341,336.5,341.4095356357578,2023-11-23 10:28:14,2023-12-04 06:00:00,2023-12-09 03:49:43,Monday,6
200,c,6,0,325.6862740333291,341.4095356357578,5.469997043166245,0.041,0.01946140740847436,2.030002956833755,0.774991648808406,2.8654560130506352,343.5,344.2749916488084,2023-11-23 10:28:14,2023-12-11 06:00:00,2023-12-12 00:35:59,Monday,6
200,f,7,0,325.6862740333291,344.2749916488084,1.3282036464383964,0.041,0.01221199763001513,0.1717963535616036,16.761432975986676,16.986441327178294,344.5,361.2614329759867,2023-11-23 10:28:14,2023-12-12 06:00:00,2023-12-29 00:16:27,Tuesday,6
200,b,8,0,325.6862740333291,361.2614329759867,4.684683539996229,0.082,0.34125056400956866,0.0,1.0611187191580815,1.4843692831676503,361.68468353999623,362.7458022591543,2023-11-23 10:28:14,2023-12-29 10:25:56,2023-12-30 11:53:57,Friday,10
200,e,9,0,325.6862740333291,362.74580225915435,6.095589895217131,0.041,0.30878763606280807,1.404410104782869,4.133010016087742,5.887207756933419,364.5,368.6330100160877,2023-11-23 10:28:14,2024-01-01 06:00:00,2024-01-05 09:11:32,Monday,6
200,f,10,0,325.6862740333291,368.6330100160878,4.748064855059624,0.0,0.11505483897186981,0.0,2.91732858838189,3.0323834273537598,368.7480648550596,371.66539344344153,2023-11-23 10:28:14,2024-01-05 11:57:12,2024-01-08 09:58:09,Friday,11
200,f,11,0,325.6862740333291,371.66539344344153,0.7776031438625637,0.041,0.07120970042106099,0.0,0.6048775002125776,0.7170872006336386,371.77760314386256,372.38248064407514,2023-11-23 10:28:14,2024-01-08 12:39:44,2024-01-09 03:10:46,Monday,12
200,d,12,0,325.6862740333291,372.38248064407514,1.4546657159694973,0.041,0.031185071894369882,0.04533428403050266,3.210213679489092,3.3277330354139645,372.5,375.7102136794891,2023-11-23 10:28:14,2024-01-09 06:00:00,2024-01-12 11:02:42,Tuesday,6
200,e,13,0,325.6862740333291,375.71021367948913,4.9419572238458045,0.123,0.10874354435667662,0.0,2.0343384319940965,2.266081976350773,375.9419572238458,377.9762956558399,2023-11-23 10:28:14,2024-01-12 16:36:25,2024-01-14 17:25:51,Friday,16
201,b,1,0,326.38836312420136,326.38836312420136,4.505216159306485,0.082,0.03485303510510088,0.0,3.5684443683324223,3.685297403437523,326.5052161593064,330.0736605276389,2023-11-24 03:19:14,2023-11-24 06:07:30,2023-11-27 19:46:04,Friday,6
202,b,1,0,326.93177799787026,326.93177799787026,5.19848493042042,0.082,0.18470693255015966,2.3015150695795796,1.4672550661928296,4.035477068322569,329.5,330.9672550661928,2023-11-24 16:21:45,2023-11-27 06:00:00,2023-11-28 17:12:50,Monday,6
202,c,2,0,326.93177799787026,330.9672550661928,2.21011103383006,0.082,0.16085596763722335,0.28988896616994,0.4150567902424394,0.9478017240496026,331.5,331.91505679024243,2023-11-24 16:21:45,2023-11-29 06:00:00,2023-11-29 15:57:40,Wednesday,6
202,e,3,0,326.93177799787026,331.91505679024243,3.0368371497324915,0.082,0.03978035949003533,0.4631628502675085,11.374027074890828,11.958970284648371,332.49999999999994,343.87402707489076,2023-11-24 16:21:45,2023-11-30 05:59:59,2023-12-11 14:58:35,Thursday,5
202,f,4,0,326.93177799787026,343.8740270748908,0.9665823028300338,0.082,0.01055522793923265,0.0,0.3932668090141289,0.48582203695336157,343.96658230283003,344.35984911184414,2023-11-24 16:21:45,2023-12-11 17:11:52,2023-12-12 02:38:10,Monday,17
202,c,5,0,326.93177799787026,344.3598491118442,1.442590880707769,0.041,0.041741768863595145,0.057409119292231026,0.3492643277955816,0.48941521595140774,344.5,344.8492643277956,2023-11-24 16:21:45,2023-12-12 06:00:00,2023-12-12 14:22:56,Tuesday,6
202,c,6,0,326.93177799787026,344.8492643277956,1.9439229565322762,0.082,0.012658628736699219,0.0,4.267702583793413,4.362361212530112,344.9439229565323,349.2116255403257,2023-11-24 16:21:45,2023-12-12 16:39:14,2023-12-16 23:04:44,Tuesday,16
202,c,7,0,326.93177799787026,349.2116255403257,6.2839026083136105,0.041,0.03127706798787824,1.2160973916863895,1.388595322592571,2.6769697822668386,350.5,351.88859532259255,2023-11-24 16:21:45,2023-12-18 06:00:00,2023-12-19 15:19:34,Monday,6
202,f,8,0,326.93177799787026,351.88859532259255,2.1135994744250866,0.041,0.18400415183251037,0.38640052557491344,0.6123186146702155,1.2237232920776393,352.49999999999994,353.1123186146702,2023-11-24 16:21:45,2023-12-20 05:59:59,2023-12-20 20:41:44,Wednesday,5
203,d,1,0,328.955092702666,328.955092702666,0.23299680813170198,0.082,0.19590410546574452,0.267003191868298,0.05803557509869393,0.6029428724327365,329.5,329.5580355750987,2023-11-26 16:55:20,2023-11-27 06:00:00,2023-11-27 07:23:34,Monday,6
203,b,2,0,328.955092702666,329.5580355750987,0.7899781122040963,0.123,0.10894253710541923,0.0,0.10959362978380702,0.3415361668892263,329.7899781122041,329.8995717419879,2023-11-26 16:55:20,2023-11-27 12:57:34,2023-11-27 15:35:22,Monday,12
203,b,3,0,328.955092702666,329.8995717419879,0.9936476601154709,0.082,0.012075918127563595,0.0,0.540539662904907,0.6346155810324705,329.99364766011547,330.5341873230204,2023-11-26 16:55:20,2023-11-27 17:50:51,2023-11-28 06:49:13,Monday,17
203,d,4,0,328.955092702666,330.5341873230204,1.6228456893074963,0.0,0.08865836628711636,0.0,0.24831039597064813,0.3369687622577645,330.6228456893075,330.87115608527813,2023-11-26 16:55:20,2023-11-28 08:56:53,2023-11-28 14:54:27,Tuesday,8
203,c,5,0,328.955092702666,330.87115608527813,2.0328182632830476,0.041,0.1206621780049077,0.4671817367169524,0.24497582461449074,0.8738197393363508,331.5,331.74497582461447,2023-11-26 16:55:20,2023-11-29 06:00:00,2023-11-29 11:52:45,Wednesday,6
203,c,6,0,328.955092702666,331.74497582461447,2.917079359596187,0.082,0.09010353498170705,0.0,4.7121718015093785,4.884275336491085,331.9170793595962,336.62925116110557,2023-11-26 16:55:20,2023-11-29 16:00:35,2023-12-04 09:06:07,Wednesday,16
203,b,7,0,328.955092702666,336.62925116110557,0.9257840630902479,0.082,0.21453290198467045,0.0,13.683100543497272,13.979633445481943,336.92578406309025,350.60888460658754,2023-11-26 16:55:20,2023-12-04 16:13:07,2023-12-18 08:36:47,Monday,16
203,c,8,0,328.955092702666,350.60888460658754,0.921210283999983,0.123,0.1893256774124739,0.0,0.9858209477886323,1.298146625201106,350.921210284,351.9070312317886,2023-11-26 16:55:20,2023-12-18 16:06:32,2023-12-19 15:46:07,Monday,16
203,c,9,0,328.955092702666,351.90703123178866,2.0074105259134285,0.082,0.01837929412475209,0.4925894740865715,2.7896513774264124,3.382620145637736,352.5,355.2896513774264,2023-11-26 16:55:20,2023-12-20 06:00:00,2023-12-23 00:57:05,Wednesday,6
203,d,10,0,328.955092702666,355.2896513774264,5.6296927233770475,0.123,0.21704134595063718,1.8703072766229525,4.7554074329269,6.965756055500489,357.5,362.2554074329269,2023-11-26 16:55:20,2023-12-25 06:00:00,2023-12-30 00:07:47,Monday,6
204,e,1,0,329.85454720372275,329.85454720372275,0.9975114206520175,0.041,0.10196421692929497,0.0,0.33916736135715647,0.4821315782864515,329.997511420652,330.3366787820092,2023-11-27 14:30:32,2023-11-27 17:56:24,2023-11-28 02:04:49,Monday,17
204,e,2,0,329.85454720372275,330.3366787820092,1.453714786923797,0.041,0.07603600491462928,0.046285213076203036,4.108585390680527,4.271906608671359,330.5,334.6085853906805,2023-11-27 14:30:32,2023-11-28 06:00:00,2023-12-02 08:36:21,Tuesday,6
204,e,3,0,329.85454720372275,334.60858539068056,5.83990745881141,0.0,0.2313220681308497,1.6600925411885896,1.9741671545673958,3.8655817638868353,336.5,338.4741671545674,2023-11-27 14:30:32,2023-12-04 06:00:00,2023-12-06 05:22:48,Monday,6
204,c,4,0,329.85454720372275,338.4741671545674,2.896440849219971,0.123,0.29927369465259707,0.0,8.91058436387735,9.332858058529947,338.89644084921997,347.80702521309735,2023-11-27 14:30:32,2023-12-06 15:30:52,2023-12-15 13:22:06,Wednesday,15
204,e,5,0,329.85454720372275,347.80702521309735,5.396880976771172,0.123,0.46685576367380605,2.103119023228828,0.7128342659320601,3.4058090528346945,350.5,351.2128342659321,2023-11-27 14:30:32,2023-12-18 06:00:00,2023-12-18 23:06:28,Monday,6
204,b,6,0,329.85454720372275,351.21283426593203,1.4240736656907984,0.123,0.08823939975875854,0.07592633430920159,1.6637224689230978,1.950888202991058,351.5,353.1637224689231,2023-11-27 14:30:32,2023-12-19 06:00:00,2023-12-20 21:55:45,Tuesday,6
204,b,7,0,329.85454720372275,353.1637224689231,3.282352683166607,0.0,0.11863021424354132,0.21764731683339278,4.304205749633971,4.640483280710906,353.5,357.804205749634,2023-11-27 14:30:32,2023-12-21 06:00:00,2023-12-25 13:18:03,Thursday,6
204,b,8,0,329.85454720372275,357.804205749634,0.8768923330320604,0.0,0.07268658339806737,0.0,0.6353685689091098,0.7080551523071771,357.87689233303206,358.51226090194115,2023-11-27 14:30:32,2023-12-25 15:02:43,2023-12-26 06:17:39,Monday,15
204,c,9,0,329.85454720372275,358.51226090194115,1.8314167203615739,0.082,0.23715581842044592,0.0,2.334896970671727,2.654052789092173,358.8314167203616,361.1663136910333,2023-11-27 14:30:32,2023-12-26 13:57:14,2023-12-28 21:59:29,Tuesday,13
205,e,1,0,335.42376954866506,335.42376954866506,6.469781734025446,0.041,0.005012185360405943,1.030218265974554,0.23113408868677204,1.307364540021732,336.5,336.73113408868676,2023-12-03 04:10:13,2023-12-04 06:00:00,2023-12-04 11:32:49,Monday,6
205,f,2,0,335.42376954866506,336.7311340886868,0.8317497045670166,0.041,0.05961561588021237,0.0,0.15939334703355726,0.2600089629137696,336.831749704567,336.9911430516006,2023-12-03 04:10:13,2023-12-04 13:57:43,2023-12-04 17:47:14,Monday,13
205,c,3,0,335.42376954866506,336.9911430516006,1.1235500871701447,0.123,0.009407035569537224,0.3764499128298553,0.7870492764281951,1.2959062248275877,337.5,338.2870492764282,2023-12-03 04:10:13,2023-12-05 06:00:00,2023-12-06 00:53:21,Tuesday,6
205,e,4,0,335.42376954866506,338.2870492764282,2.404449469522831,0.041,0.07640019309461688,0.0955505304771691,0.7403449774185964,0.9532957009903824,338.5,339.2403449774186,2023-12-03 04:10:13,2023-12-06 06:00:00,2023-12-06 23:46:05,Wednesday,6
205,c,5,0,335.42376954866506,339.2403449774186,3.304976720318166,0.041,0.023631742899544228,0.19502327968183408,0.3083884915766771,0.5680435141580553,339.5,339.8083884915767,2023-12-03 04:10:13,2023-12-07 06:00:00,2023-12-07 13:24:04,Thursday,6
205,b,6,0,335.42376954866506,339.80838849157664,3.8977317675505105,0.082,0.007343275973859097,0.0,0.48232947602543524,0.5716727519992943,339.8977317675505,340.38006124357594,2023-12-03 04:10:13,2023-12-07 15:32:44,2023-12-08 03:07:17,Thursday,15
205,e,7,0,335.42376954866506,340.38006124357594,4.518175240866412,0.041,0.09711399729046159,0.0,2.697471335605246,2.8355853328957075,340.5181752408664,343.21564657647167,2023-12-03 04:10:13,2023-12-08 06:26:10,2023-12-10 23:10:31,Friday,6
205,d,8,0,335.42376954866506,343.21564657647167,0.417804704952232,0.041,0.16115812848055333,0.08219529504776801,0.9170281820681052,1.2013816055964266,343.5,344.4170281820681,2023-12-03 04:10:13,2023-12-11 06:00:00,2023-12-12 04:00:31,Monday,6
205,d,9,0,335.42376954866506,344.4170281820681,1.5205802470514413,0.082,0.02155206498330407,0.0,4.612415728426608,4.715967793409912,344.52058024705144,349.132995975478,2023-12-03 04:10:13,2023-12-12 06:29:38,2023-12-16 21:11:30,Tuesday,6
205,c,10,0,335.42376954866506,349.132995975478,6.358778550017917,0.041,0.18478257453987057,1.1412214499820834,7.4216734993878655,8.788677523909818,350.5,357.92167349938785,2023-12-03 04:10:13,2023-12-18 06:00:00,2023-12-25 16:07:12,Monday,6
205,d,11,0,335.42376954866506,357.92167349938785,0.9410401924089911,0.0,0.019366693021123135,0.0,3.9227504479302553,3.942117140951378,357.941040192409,361.86379064033923,2023-12-03 04:10:13,2023-12-25 16:35:05,2023-12-29 14:43:51,Monday,16
206,b,1,0,335.58301883911474,335.58301883911474,6.813882909630081,0.123,0.10786407051531727,0.686117090369919,1.5688373727712115,2.485818533656448,336.49999999999994,338.06883737277116,2023-12-03 07:59:32,2023-12-04 05:59:59,2023-12-05 19:39:07,Monday,5
206,e,2,0,335.58301883911474,338.0688373727712,2.1516530277320385,0.041,0.041815654960837396,0.3483469722679615,1.141300394212468,1.572463021441267,338.5,339.64130039421246,2023-12-03 07:59:32,2023-12-06 06:00:00,2023-12-07 09:23:28,Wednesday,6
206,d,3,0,335.58301883911474,339.64130039421246,3.9452884912996637,0.041,0.2629880970872027,0.0,3.8629878638537414,4.1669759609409445,339.94528849129966,343.8082763551534,2023-12-03 07:59:32,2023-12-07 16:41:12,2023-12-11 13:23:55,Thursday,16
206,f,4,0,335.58301883911474,343.8082763551534,1.020925901119199,0.082,0.13064954596579045,0.4790740988808011,1.8459415157534371,2.537665160600029,344.5,346.34594151575345,2023-12-03 07:59:32,2023-12-12 06:00:00,2023-12-14 02:18:09,Tuesday,6
206,b,5,0,335.58301883911474,346.34594151575345,3.5547698352143584,0.123,0.08582831946089896,0.0,3.2700829649186893,3.4789112843795884,346.55476983521436,349.82485280013304,2023-12-03 07:59:32,2023-12-14 07:18:52,2023-12-17 13:47:47,Thursday,7
206,b,6,0,335.58301883911474,349.82485280013304,0.13312357376963746,0.123,0.18527077363659197,0.36687642623036254,8.221297703869816,8.89644490373677,350.5,358.7212977038698,2023-12-03 07:59:32,2023-12-18 06:00:00,2023-12-26 11:18:40,Monday,6
206,e,7,0,335.58301883911474,358.7212977038698,1.9184702343751496,0.123,0.07417253050535336,0.0,1.0242858712303726,1.221458401735726,358.91847023437515,359.9427561056055,2023-12-03 07:59:32,2023-12-26 16:02:35,2023-12-27 16:37:34,Tuesday,16
206,d,8,0,335.58301883911474,359.94275610560555,3.0343868740146718,0.041,0.05063076840912889,0.4656131259853282,1.552995137255363,2.11023903164982,360.5,362.0529951372554,2023-12-03 07:59:32,2023-12-28 06:00:00,2023-12-29 19:16:18,Thursday,6
206,e,9,0,335.58301883911474,362.0529951372554,5.072232710872811,0.0,0.019237573617442293,2.427767289127189,5.507465850255052,7.954470712999683,364.5,370.0074658502551,2023-12-03 07:59:32,2024-01-01 06:00:00,2024-01-06 18:10:45,Monday,6
206,b,10,0,335.58301883911474,370.0074658502551,6.368034426604481,0.041,0.3195685763493914,1.1319655733955187,17.30574567731307,18.79827982705798,371.5,388.8057456773131,2023-12-03 07:59:32,2024-01-08 06:00:00,2024-01-25 13:20:16,Monday,6
207,e,1,0,337.8815859555386,337.8815859555386,2.1050214957821822,0.082,0.14143554024361585,0.39497850421781777,3.305319703842716,3.9237337483041497,338.5,341.8053197038427,2023-12-05 15:09:29,2023-12-06 06:00:00,2023-12-09 13:19:39,Wednesday,6
207,d,2,0,337.8815859555386,341.8053197038427,5.920351012045785,0.082,0.03303130820310042,1.579648987954215,1.2277328683577302,2.9224131645150457,343.5,344.72773286835775,2023-12-05 15:09:29,2023-12-11 06:00:00,2023-12-12 11:27:56,Monday,6
207,c,3,0,337.8815859555386,344.72773286835775,1.7958774668747992,0.041,0.027144598517042734,0.0,0.06846315283206972,0.13660775134911246,344.7958774668748,344.86434061970687,2023-12-05 15:09:29,2023-12-12 13:06:03,2023-12-12 14:44:39,Tuesday,13
207,e,4,0,337.8815859555386,344.86434061970687,1.9747650402244403,0.082,0.028424420517547223,0.0,1.6093225695441167,1.719746990061664,344.9747650402244,346.5840876097685,2023-12-05 15:09:29,2023-12-12 17:23:39,2023-12-14 08:01:05,Tuesday,17
207,f,5,0,337.8815859555386,346.5840876097685,3.6847322643669145,0.0,0.10064465459842231,0.0,3.851026637746637,3.9516712923450594,346.6847322643669,350.53575890211357,2023-12-05 15:09:29,2023-12-14 10:26:00,2023-12-18 06:51:29,Thursday,10
207,b,6,0,337.8815859555386,350.53575890211357,0.7174106022372371,0.123,0.05865170012364962,0.0,3.6040068373904743,3.785658537514124,350.71741060223724,354.32141743962774,2023-12-05 15:09:29,2023-12-18 11:13:04,2023-12-22 01:42:50,Monday,11
208,e,1,0,341.22395076033587,341.22395076033587,5.470793309924829,0.041,0.20584254958894832,2.0292066900751706,0.02286096998539229,2.298910209649511,343.5,343.5228609699854,2023-12-08 23:22:29,2023-12-11 06:00:00,2023-12-11 06:32:55,Monday,6
208,c,2,0,341.22395076033587,343.5228609699854,0.6458333400000811,0.082,0.04097237001465722,0.0,2.2040484740096717,2.3270208440243287,343.6458333400001,345.84988181400973,2023-12-08 23:22:29,2023-12-11 09:30:00,2023-12-13 14:23:49,Monday,9
208,c,3,0,341.22395076033587,345.84988181400973,2.911023604414652,0.041,0.02014179040493276,0.0,0.27644836930132327,0.33759015970625605,345.91102360441465,346.18747197371596,2023-12-08 23:22:29,2023-12-13 15:51:52,2023-12-13 22:29:57,Wednesday,15
208,d,4,0,341.22395076033587,346.187471973716,3.541960927038815,0.041,0.3134889533228209,0.0,0.09307819325302091,0.4475671465758418,346.5419609270388,346.6350391202918,2023-12-08 23:22:29,2023-12-14 07:00:25,2023-12-14 09:14:27,Thursday,7
208,e,5,0,341.22395076033587,346.6350391202919,3.730904727833831,0.082,0.013865607541945919,0.0,2.1859364799482415,2.2818020874901874,346.73090472783383,348.91684120778206,2023-12-08 23:22:29,2023-12-14 11:32:30,2023-12-16 16:00:15,Thursday,11
208,f,6,0,341.22395076033587,348.91684120778206,6.054842328811105,0.082,0.056001121029077,1.4451576711888947,0.5808470392661494,2.164005831484121,350.5,351.08084703926613,2023-12-08 23:22:29,2023-12-18 06:00:00,2023-12-18 19:56:25,Monday,6
208,d,7,0,341.22395076033587,351.0808470392662,1.1848514544099658,0.041,0.06300441514376787,0.31514854559003425,0.1515794637468628,0.570732424480665,351.5,351.6515794637469,2023-12-08 23:22:29,2023-12-19 06:00:00,2023-12-19 09:38:16,Tuesday,6
208,d,8,0,341.22395076033587,351.6515794637468,1.807879117211769,0.082,0.07429965346492534,0.0,0.24551344632760627,0.40181309979253166,351.80787911721177,352.0533925635394,2023-12-08 23:22:29,2023-12-19 13:23:20,2023-12-19 19:16:53,Tuesday,13
208,d,9,0,341.22395076033587,352.0533925635394,2.186152170438561,0.082,0.05075960689918984,0.3138478295614391,2.3233740190103433,2.7699814554709725,352.5,354.8233740190103,2023-12-08 23:22:29,2023-12-20 06:00:00,2023-12-22 13:45:39,Wednesday,6
208,e,10,0,341.22395076033587,354.8233740190104,4.899358181787306,0.041,0.034984162776945375,0.0,1.1842005327133107,1.260184695490256,354.8993581817873,356.0835587145006,2023-12-08 23:22:29,2023-12-22 15:35:04,2023-12-23 20:00:19,Friday,15
208,c,11,0,341.22395076033587,356.0835587145006,6.137472085367449,0.0,0.053913370866853993,1.362527914632551,0.2213120721872985,1.6377533576867036,357.5,357.7213120721873,2023-12-08 23:22:29,2023-12-25 06:00:00,2023-12-25 11:18:41,Monday,6
208,f,12,0,341.22395076033587,357.7213120721873,0.8228571010426435,0.082,0.019545028855358578,0.0,0.0648352299829764,0.166380258838335,357.82285710104264,357.8876923310256,2023-12-08 23:22:29,2023-12-25 13:44:54,2023-12-25 15:18:16,Monday,13
208,f,13,0,341.22395076033587,357.8876923310256,0.9357554290844519,0.041,0.007063098058854764,0.0,1.5927739312042921,1.640837029263147,357.93575542908445,359.52852936028876,2023-12-08 23:22:29,2023-12-25 16:27:29,2023-12-27 06:41:04,Monday,16
208,c,14,0,341.22395076033587,359.52852936028876,2.6142893137320584,0.0,0.08575995344331565,0.0,0.6684360702950962,0.7541960237384119,359.61428931373206,360.2827253840272,2023-12-08 23:22:29,2023-12-27 08:44:34,2023-12-28 00:47:07,Wednesday,8
208,c,15,0,341.22395076033587,360.2827253840272,3.3500090336239623,0.0,0.06728364959681492,0.1499909663760377,0.29066246110470495,0.5079370770775575,360.5,360.7906624611047,2023-12-08 23:22:29,2023-12-28 06:00:00,2023-12-28 12:58:33,Thursday,6
208,c,16,0,341.22395076033587,360.7906624611047,4.036370194603819,0.082,0.16370773349912673,0.4636298053961809,3.598987069726112,4.30832460862142,361.5,365.0989870697261,2023-12-08 23:22:29,2023-12-29 06:00:00,2024-01-01 20:22:32,Friday,6
208,e,17,0,341.22395076033587,365.09898706972615,1.2564734287055899,0.082,0.07548635897946498,0.24352657129441013,1.0306646828872268,1.431677613161102,365.5,366.5306646828872,2023-12-08 23:22:29,2024-01-02 06:00:00,2024-01-03 06:44:09,Tuesday,6
209,b,1,0,342.7237211587676,342.7237211587676,6.772487969586507,0.041,0.0077668108188764465,0.727512030413493,2.667940898488952,3.4442197397213214,343.49999999999994,346.1679408984889,2023-12-10 11:22:09,2023-12-11 05:59:59,2023-12-13 22:01:50,Monday,5
209,d,2,0,342.7237211587676,346.16794089848895,3.372700140760003,0.123,0.08175924227106614,0.1272998592399972,0.12809707574229912,0.46015617725336244,346.5,346.6280970757423,2023-12-10 11:22:09,2023-12-14 06:00:00,2023-12-14 09:04:27,Thursday,6
209,f,3,0,342.7237211587676,346.6280970757423,3.6350482949754337,0.0,0.0069512192331706,0.0,1.0865728078708552,1.0935240271040259,346.63504829497543,347.7216211028463,2023-12-10 11:22:09,2023-12-14 09:14:28,2023-12-15 11:19:08,Thursday,9
209,b,4,0,342.7237211587676,347.7216211028463,4.8942382563759,0.082,0.0906171535296056,0.0,0.17782747627214018,0.3504446298017458,347.8942382563759,348.072065732648,2023-12-10 11:22:09,2023-12-15 15:27:42,2023-12-15 19:43:46,Friday,15
209,b,5,0,342.7237211587676,348.07206573264807,5.21406277865276,0.082,0.05999704600466857,2.2859372213472398,0.5652203841837742,2.9931546515356824,350.5,351.06522038418376,2023-12-10 11:22:09,2023-12-18 06:00:00,2023-12-18 19:33:55,Monday,6
209,e,6,0,342.7237211587676,351.06522038418376,1.2888640333613353,0.123,0.10064364917756259,0.21113596663866474,0.9668998935471378,1.4016795093633652,351.5,352.4668998935471,2023-12-10 11:22:09,2023-12-19 06:00:00,2023-12-20 05:12:20,Tuesday,6
209,c,7,0,342.7237211587676,352.4668998935471,2.549452984354673,0.041,0.04155309080752928,0.0,0.33148367916546156,0.4140367699729909,352.5494529843547,352.8809366635201,2023-12-10 11:22:09,2023-12-20 07:11:12,2023-12-20 15:08:32,Wednesday,7
209,f,8,0,342.7237211587676,352.8809366635201,3.006272776355104,0.041,0.0843361128349853,0.4937272236448962,0.17062321978569842,0.7896865562655798,353.5,353.6706232197857,2023-12-10 11:22:09,2023-12-21 06:00:00,2023-12-21 10:05:41,Thursday,6
209,c,9,0,342.7237211587676,353.6706232197857,3.8055338298141237,0.082,0.052910610028429644,0.0,1.3428902369548514,1.477800846983281,353.8055338298141,355.148424066769,2023-12-10 11:22:09,2023-12-21 13:19:58,2023-12-22 21:33:43,Thursday,13
209,e,10,0,342.7237211587676,355.14842406676894,5.219908193699837,0.041,0.030484126930896433,2.280091806300163,4.999575415020918,7.351151348251978,357.5,362.4995754150209,2023-12-10 11:22:09,2023-12-25 06:00:00,2023-12-30 05:59:23,Monday,6
210,c,1,0,344.72032080308367,344.72032080308367,1.8778764051788244,0.082,0.07555560209514722,0.0,0.31260099169709954,0.4701565937922468,344.8778764051788,345.1904773968759,2023-12-12 11:17:15,2023-12-12 15:04:08,2023-12-12 22:34:17,Tuesday,15
210,f,2,0,344.72032080308367,345.1904773968759,2.314161122084215,0.041,0.08268372520831249,0.1858388779157849,0.004038666910096565,0.313561270034194,345.5,345.5040386669101,2023-12-12 11:17:15,2023-12-13 06:00:00,2023-12-13 06:05:48,Wednesday,6
210,c,3,0,344.72032080308367,345.5040386669101,2.659732605026022,0.041,0.11469393811591755,0.0,0.6974933665184523,0.8531873046343699,345.659732605026,346.3572259715445,2023-12-12 11:17:15,2023-12-13 09:50:00,2023-12-14 02:34:24,Wednesday,9
210,b,4,0,344.72032080308367,346.3572259715445,3.44016802205914,0.041,0.041942050514637313,0.059831977940859815,2.6718043897511947,2.814578418206692,346.5,349.1718043897512,2023-12-12 11:17:15,2023-12-14 06:00:00,2023-12-16 22:07:23,Thursday,6
210,c,5,0,344.72032080308367,349.1718043897512,6.304568584760489,0.123,0.00976419500929941,1.1954314152395114,0.20893596089127076,1.5371315711400815,350.5,350.70893596089127,2023-12-12 11:17:15,2023-12-18 06:00:00,2023-12-18 11:00:52,Monday,6
210,d,6,0,344.72032080308367,350.70893596089127,0.9319507154422695,0.082,0.14101475455098925,0.0,0.09287464535788258,0.3158893999088718,350.93195071544227,351.02482536080015,2023-12-12 11:17:15,2023-12-18 16:22:00,2023-12-18 18:35:44,Monday,16
211,d,1,0,345.24476860295243,345.24476860295243,2.2938766398707457,0.041,0.008108036918321957,0.20612336012925425,0.14749888908767908,0.4027302861352553,345.5,345.6474988890877,2023-12-12 23:52:28,2023-12-13 06:00:00,2023-12-13 09:32:23,Wednesday,6
211,c,2,0,345.24476860295243,345.6474988890877,2.805494598999303,0.0,0.15799570991165351,0.0,0.6957348754495092,0.8537305853611628,345.8054945989993,346.5012294744488,2023-12-12 23:52:28,2023-12-13 13:19:54,2023-12-14 06:01:46,Wednesday,13
211,c,3,0,345.24476860295243,346.50122947444885,3.5655499282723895,0.041,0.0233204538235393,0.0,0.1832782957094136,0.2475987495329529,346.5655499282724,346.7488282239818,2023-12-12 23:52:28,2023-12-14 07:34:23,2023-12-14 11:58:18,Thursday,7
212,f,1,0,346.56657419405263,346.56657419405263,4.314215581604742,0.123,0.6246413875520876,0.18578441839525794,2.2773705390388717,3.210796344986217,347.49999999999994,349.7773705390388,2023-12-14 07:35:52,2023-12-15 05:59:59,2023-12-17 12:39:24,Friday,5
212,b,2,0,346.56657419405263,349.7773705390388,6.862400038140265,0.0,0.08502949910141076,0.6375999618597348,0.03766143602656404,0.7602908969877096,350.5,350.53766143602655,2023-12-14 07:35:52,2023-12-18 06:00:00,2023-12-18 06:54:13,Monday,6
212,c,3,0,346.56657419405263,350.53766143602655,0.8118303300861385,0.041,0.23316889405955754,0.0,1.2416714484856526,1.51584034254521,350.8118303300861,352.05350177857173,2023-12-14 07:35:52,2023-12-18 13:29:02,2023-12-19 19:17:02,Monday,13
212,b,4,0,346.56657419405263,352.0535017785718,2.410886994910186,0.041,0.3163852163384062,0.08911300508981412,1.6478685022121073,2.0943667236403276,352.5,354.14786850221213,2023-12-14 07:35:52,2023-12-20 06:00:00,2023-12-21 21:32:55,Wednesday,6
212,e,5,0,346.56657419405263,354.14786850221213,4.1953220285843145,0.0,0.047453526372181365,0.30467797141568553,1.903541591679069,2.255673089466936,354.5,356.4035415916791,2023-12-14 07:35:52,2023-12-22 06:00:00,2023-12-24 03:41:05,Friday,6
212,e,6,0,346.56657419405263,356.4035415916791,6.514112039659608,0.041,0.06957044798052227,0.9858879603403921,4.697798077930374,5.794256486251288,357.5,362.1977980779304,2023-12-14 07:35:52,2023-12-25 06:00:00,2023-12-29 22:44:49,Monday,6
212,e,7,0,346.56657419405263,362.1977980779304,5.399483791053626,0.082,0.11968571312324522,2.100516208946374,0.2108279698583316,2.5130298919279506,364.5,364.7108279698583,2023-12-14 07:35:52,2024-01-01 06:00:00,2024-01-01 11:03:35,Monday,6
212,f,8,0,346.56657419405263,364.7108279698583,0.8610882712440002,0.123,0.027260301385692937,0.0,0.43234228392522017,0.5826025853109131,364.861088271244,365.2934305551692,2023-12-14 07:35:52,2024-01-01 14:39:58,2024-01-02 01:02:32,Monday,14
213,c,1,0,347.12217276077183,347.12217276077183,4.232474179611188,0.0,0.11030141883935624,0.267525820388812,1.2110775658454858,1.588904805073654,347.5,348.71107756584547,2023-12-14 20:55:55,2023-12-15 06:00:00,2023-12-16 11:03:57,Friday,6
213,d,2,0,347.12217276077183,348.71107756584547,5.784161446354062,0.041,0.03208388050857784,1.7158385536459377,0.04612283699990112,1.8350452711544167,350.5,350.5461228369999,2023-12-14 20:55:55,2023-12-18 06:00:00,2023-12-18 07:06:25,Monday,6
213,c,3,0,347.12217276077183,350.54612283699987,0.650778294116833,0.082,0.022655457116961986,0.0,1.7323558701527784,1.8370113272697404,350.65077829411683,352.3831341642696,2023-12-14 20:55:55,2023-12-18 09:37:07,2023-12-20 03:11:42,Monday,9
213,d,4,0,347.12217276077183,352.3831341642696,2.5654108288428006,0.041,0.1412766645731567,0.0,0.3622262622790672,0.5445029268522239,352.5654108288428,352.9276370911219,2023-12-14 20:55:55,2023-12-20 07:34:11,2023-12-20 16:15:47,Wednesday,7
213,f,5,0,347.12217276077183,352.9276370911218,3.008506380990127,0.041,0.03986928986832716,0.4914936190098729,0.3272999559991101,0.8996628648773102,353.5,353.82729995599914,2023-12-14 20:55:55,2023-12-21 06:00:00,2023-12-21 13:51:18,Thursday,6
213,e,6,0,347.12217276077183,353.82729995599914,3.9856118583956004,0.082,0.07631190239644325,0.0,0.8078446681157032,0.9661565705121464,353.9856118583956,354.7934565265113,2023-12-14 20:55:55,2023-12-21 17:39:16,2023-12-22 13:02:34,Thursday,17
213,e,7,0,347.12217276077183,354.7934565265113,4.974945002762183,0.123,0.05848847625089733,0.0,8.422446351102607,8.603934827353505,354.9749450027622,363.3973913538648,2023-12-14 20:55:55,2023-12-22 17:23:55,2023-12-31 03:32:14,Friday,17
213,c,8,0,347.12217276077183,363.3973913538648,6.491615009063423,0.041,0.05322365519859569,1.0083849909365767,0.3594945037477682,1.4621031498829407,364.5,364.8594945037478,2023-12-14 20:55:55,2024-01-01 06:00:00,2024-01-01 14:37:40,Monday,6
213,c,9,0,347.12217276077183,364.8594945037477,0.9855146475625247,0.082,0.04402014381477167,0.0,1.8224323149603079,1.9484524587750796,364.98551464756247,366.80794696252275,2023-12-14 20:55:55,2024-01-01 17:39:08,2024-01-03 13:23:26,Monday,17
213,e,10,0,347.12217276077183,366.8079469625228,3.1952083296756655,0.041,0.3462613671528436,0.3047916703243345,2.185851531973102,2.87790456945028,367.5,369.6858515319731,2023-12-14 20:55:55,2024-01-04 06:00:00,2024-01-06 10:27:37,Thursday,6
213,b,11,0,347.12217276077183,369.68585153197307,5.923325715136286,0.082,0.1554741831632399,1.5766742848637136,9.636068567945738,11.450217035972692,371.5,381.13606856794576,2023-12-14 20:55:55,2024-01-08 06:00:00,2024-01-17 21:15:56,Monday,6
213,d,12,0,347.12217276077183,381.13606856794576,3.3575826329913525,0.041,0.1805140650456054,0.1424173670086475,0.0538330207335544,0.4177644527878073,381.5,381.5538330207336,2023-12-14 20:55:55,2024-01-18 06:00:00,2024-01-18 07:17:31,Thursday,6
213,c,13,0,347.12217276077183,381.5538330207336,3.659380333900401,0.082,0.02354731316680493,0.0,0.6790274851257379,0.7845747982925428,381.6593803339004,382.33840781902614,2023-12-14 20:55:55,2024-01-18 09:49:30,2024-01-19 02:07:18,Thursday,9
213,d,14,0,347.12217276077183,382.33840781902614,4.369727489032186,0.0,0.03131967000605789,0.13027251096781356,0.03672418698450986,0.1983163679583813,382.5,382.5367241869845,2023-12-14 20:55:55,2024-01-19 06:00:00,2024-01-19 06:52:52,Friday,6
213,f,15,0,347.12217276077183,382.53672418698454,4.661194132866058,0.041,0.08346994588150547,0.0,0.024386914294323592,0.14885686017582908,382.66119413286606,382.6855810471604,2023-12-14 20:55:55,2024-01-19 09:52:07,2024-01-19 10:27:14,Friday,9
213,e,16,0,347.12217276077183,382.6855810471604,5.05968112181705,0.123,0.2511000746566912,2.44031887818295,1.1150351205130222,3.9294540733526633,385.5,386.615035120513,2023-12-14 20:55:55,2024-01-22 06:00:00,2024-01-23 08:45:39,Monday,6
213,c,17,0,347.12217276077183,386.615035120513,1.8639538898330557,0.041,0.20791876932003436,0.0,1.7738564708762445,2.022775240196279,386.86395388983306,388.6378103607093,2023-12-14 20:55:55,2024-01-23 14:44:05,2024-01-25 09:18:26,Tuesday,14
213,e,18,0,347.12217276077183,388.6378103607093,3.8366788259841655,0.041,0.157868465274896,0.0,0.7232751078019316,0.9221435730768276,388.83667882598417,389.5599539337861,2023-12-14 20:55:55,2024-01-25 14:04:49,2024-01-26 07:26:20,Thursday,14
213,f,19,0,347.12217276077183,389.5599539337861,4.995873514971265,0.041,0.39491958118517123,0.0,7.658298144775311,8.094217725960482,389.99587351497127,397.65417165974657,2023-12-14 20:55:55,2024-01-26 17:54:03,2024-02-03 09:42:00,Friday,17
213,b,20,0,347.12217276077183,397.6541716597466,5.778552883372527,0.082,0.04238122362590739,1.7214471166274734,2.083160740248991,3.9289890805023715,399.5,401.583160740249,2023-12-14 20:55:55,2024-02-05 06:00:00,2024-02-07 07:59:45,Monday,6
213,b,21,0,347.12217276077183,401.583160740249,2.7820123243853345,0.123,0.07585158413630959,0.0,0.006835260548552772,0.20568684468486237,401.78201232438533,401.7888475849339,2023-12-14 20:55:55,2024-02-07 12:46:05,2024-02-07 12:55:56,Wednesday,12
213,c,22,0,347.12217276077183,401.7888475849339,2.945957812595168,0.082,0.07511022766130532,0.0,2.1917842839973174,2.3488945116586226,401.94595781259517,404.1377420965925,2023-12-14 20:55:55,2024-02-07 16:42:10,2024-02-09 21:18:20,Wednesday,16
214,d,1,0,348.2267966720267,348.2267966720267,5.272391732691062,0.041,0.004595060664391345,2.2276082673089377,0.9657762665168681,3.238979594490197,350.5,351.46577626651685,2023-12-15 23:26:35,2023-12-18 06:00:00,2023-12-19 05:10:43,Monday,6
214,b,2,0,348.2267966720267,351.4657762665169,1.561696082942774,0.082,0.013919816425860907,0.0,0.08960537332160465,0.18552518974746557,351.5616960829428,351.6513014562644,2023-12-15 23:26:35,2023-12-19 07:28:50,2023-12-19 09:37:52,Tuesday,7
215,b,1,0,348.8603971276009,348.8603971276009,6.093500482909008,0.082,0.15110335530808996,1.4064995170909924,2.4906895914379574,4.13029246383704,350.49999999999994,352.9906895914379,2023-12-16 14:38:58,2023-12-18 05:59:59,2023-12-20 17:46:35,Monday,5
215,f,2,0,348.8603971276009,352.99068959143796,3.280730019482121,0.041,0.2490404280441376,0.21926998051787905,0.0878476424401353,0.5971580510021519,353.49999999999994,353.58784764244007,2023-12-16 14:38:58,2023-12-21 05:59:59,2023-12-21 08:06:30,Thursday,5
215,d,3,0,348.8603971276009,353.5878476424401,3.631256131542557,0.041,0.002408489102460037,0.0,6.802243204372735,6.845651693475196,353.63125613154256,360.4334993359153,2023-12-16 14:38:58,2023-12-21 09:09:00,2023-12-28 04:24:14,Thursday,9
215,f,4,0,348.8603971276009,360.4334993359153,3.744254236015081,0.041,0.26975490009976827,0.0,0.27398316215817725,0.5847380622579454,360.7442542360151,361.01823739817326,2023-12-16 14:38:58,2023-12-28 11:51:43,2023-12-28 18:26:15,Thursday,11
215,b,5,0,348.8603971276009,361.01823739817326,4.172936794319128,0.082,0.0726993961458753,0.3270632056808722,0.6519466711924202,1.1337092730191678,361.5,362.15194667119243,2023-12-16 14:38:58,2023-12-29 06:00:00,2023-12-29 21:38:48,Friday,6
216,f,1,0,349.56682677142163,349.56682677142163,6.675959023890982,0.082,0.02713225246936195,0.8240409761090177,0.8562910579789627,1.7894642865573425,350.5,351.356291057979,2023-12-17 07:36:13,2023-12-18 06:00:00,2023-12-19 02:33:03,Monday,6
216,b,2,0,349.56682677142163,351.356291057979,1.570315066845808,0.041,0.17302400886682423,0.0,0.05628499410615233,0.27030900297297655,351.5703150668458,351.62660006095194,2023-12-17 07:36:13,2023-12-19 07:41:15,2023-12-19 09:02:18,Tuesday,7
217,f,1,0,350.5070365474003,350.5070365474003,0.519191020861399,0.0,0.012154473461116635,0.0,5.18296233976833,5.195116813229446,350.5191910208614,355.7021533606297,2023-12-18 06:10:07,2023-12-18 06:27:38,2023-12-23 10:51:06,Monday,6
217,c,2,0,350.5070365474003,355.7021533606297,5.894651058595912,0.123,0.06949769796618915,1.6053489414040882,0.31594844119477544,2.113795080565053,357.5,357.8159484411948,2023-12-18 06:10:07,2023-12-25 06:00:00,2023-12-25 13:34:57,Monday,6
217,f,3,0,350.5070365474003,357.8159484411948,0.9532298296789463,0.041,0.09628138848414271,0.0,0.6941307161688165,0.8314121046529592,357.95322982967895,358.6473605458478,2023-12-18 06:10:07,2023-12-25 16:52:39,2023-12-26 09:32:11,Monday,16
217,d,4,0,350.5070365474003,358.64736054584773,2.0213167508790093,0.041,0.332956205031256,0.4786832491209907,0.15800441857217384,1.0106438727244205,359.5,359.65800441857215,2023-12-18 06:10:07,2023-12-27 06:00:00,2023-12-27 09:47:31,Wednesday,6
217,b,5,0,350.5070365474003,359.65800441857215,2.7056895828437177,0.041,0.006685164271568404,0.0,2.5490716764268475,2.596756840698416,359.7056895828437,362.25476125927054,2023-12-18 06:10:07,2023-12-27 10:56:11,2023-12-30 00:06:51,Wednesday,10
217,f,6,0,350.5070365474003,362.25476125927054,5.419204849638504,0.082,0.08244359036796539,2.080795150361496,3.1467645806622526,5.392003321391714,364.5,367.64676458066225,2023-12-18 06:10:07,2024-01-01 06:00:00,2024-01-04 09:31:20,Monday,6
217,b,7,0,350.5070365474003,367.64676458066225,3.894828915177243,0.082,0.1660643345149938,0.0,10.438240200884202,10.686304535399197,367.89482891517724,378.33306911606144,2023-12-18 06:10:07,2024-01-04 15:28:33,2024-01-15 01:59:37,Thursday,15
217,f,8,0,350.5070365474003,378.33306911606144,0.4525413189797973,0.082,0.03747220291835659,0.047458681020202675,0.5681126441554882,0.7350435280940475,378.5,379.06811264415546,2023-12-18 06:10:07,2024-01-15 06:00:00,2024-01-15 19:38:04,Monday,6
217,e,9,0,350.5070365474003,379.06811264415546,1.205579701549766,0.123,0.014467057394292182,0.294420298450234,5.841033441334625,6.272920797179151,379.5,385.3410334413346,2023-12-18 06:10:07,2024-01-16 06:00:00,2024-01-22 02:11:05,Tuesday,6
217,b,10,0,350.5070365474003,385.3410334413346,0.43761327808897477,0.041,0.05557983675437159,0.062386721911025234,5.311477297985775,5.470443856651172,385.5,390.8114772979858,2023-12-18 06:10:07,2024-01-22 06:00:00,2024-01-27 13:28:31,Monday,6
217,f,11,0,350.5070365474003,390.8114772979858,5.949638875428491,0.123,0.015161577442694136,1.5503611245715092,2.7361326056920348,4.424655307706238,392.5,395.23613260569203,2023-12-18 06:10:07,2024-01-29 06:00:00,2024-01-31 23:40:01,Monday,6
218,d,1,0,354.5510920483899,354.5510920483899,4.693855909940055,0.082,0.060763861550161336,0.0,0.6287126944047977,0.771476555954959,354.69385590994005,355.32256860434484,2023-12-22 07:13:34,2023-12-22 10:39:09,2023-12-23 01:44:29,Friday,10
218,d,2,0,354.5510920483899,355.32256860434484,5.6843222903067385,0.082,0.27975368596192285,1.8156777096932615,0.005753368425124638,2.183184764080309,357.5,357.50575336842513,2023-12-22 07:13:34,2023-12-25 06:00:00,2023-12-25 06:08:17,Monday,6
218,c,3,0,354.5510920483899,357.50575336842513,0.5473649133239746,0.041,0.0006115448988586587,0.0,0.9668865300415199,1.0084980749403787,357.547364913324,358.5142514433655,2023-12-22 07:13:34,2023-12-25 07:08:12,2023-12-26 06:20:31,Monday,7
218,b,4,0,354.5510920483899,358.51425144336554,1.7628944141939087,0.082,0.1666429708283638,0.0,4.506298415615126,4.754941386443489,358.7628944141939,363.269192829809,2023-12-22 07:13:34,2023-12-26 12:18:34,2023-12-31 00:27:38,Tuesday,12
218,c,5,0,354.5510920483899,363.269192829809,6.400259043883864,0.041,0.09006621407482639,1.0997409561161362,1.4536721597584503,2.684479329949413,364.5,365.95367215975847,2023-12-22 07:13:34,2024-01-01 06:00:00,2024-01-02 16:53:17,Monday,6
218,d,6,0,354.5510920483899,365.9536721597584,2.107068252041472,0.082,0.07139609228304568,0.3929317479585279,0.2397552119032906,0.7860830521448643,366.5,366.7397552119033,2023-12-22 07:13:34,2024-01-03 06:00:00,2024-01-03 11:45:14,Wednesday,6
218,b,7,0,354.5510920483899,366.7397552119033,2.839683626124838,0.082,0.017928414221542923,0.0,2.66756988180386,2.767498296025403,366.83968362612484,369.5072535079287,2023-12-22 07:13:34,2024-01-03 14:09:08,2024-01-06 06:10:26,Wednesday,14
218,b,8,0,354.5510920483899,369.5072535079287,5.576751451315033,0.041,0.028497943386327152,1.9232485486849669,3.905845578489775,5.898592070561069,371.5,375.4058455784898,2023-12-22 07:13:34,2024-01-08 06:00:00,2024-01-12 03:44:25,Monday,6
218,e,9,0,354.5510920483899,375.40584557848973,4.829506428983166,0.082,0.34166085049340816,0.0,1.8990641535821193,2.3227250040755276,375.8295064289831,377.7285705825652,2023-12-22 07:13:34,2024-01-12 13:54:29,2024-01-14 11:29:08,Friday,13
218,e,10,0,354.5510920483899,377.7285705825653,6.869672335347559,0.123,0.01810175278225763,0.6303276646524409,9.213948689974641,9.985378107409339,378.5,387.71394868997464,2023-12-22 07:13:34,2024-01-15 06:00:00,2024-01-24 11:08:05,Monday,6
218,b,11,0,354.5510920483899,387.71394868997464,2.7823681477515834,0.041,0.027419457776916262,0.0,2.9535169690298613,3.0219364268067777,387.7823681477516,390.73588511678145,2023-12-22 07:13:34,2024-01-24 12:46:36,2024-01-27 11:39:40,Wednesday,12
218,f,12,0,354.5510920483899,390.73588511678145,5.797002453407856,0.0,0.06111733662640855,1.7029975465921439,0.07275647831377573,1.8368713615323282,392.5,392.57275647831375,2023-12-22 07:13:34,2024-01-29 06:00:00,2024-01-29 07:44:46,Monday,6
218,f,13,0,354.5510920483899,392.57275647831375,0.6103486477502429,0.0,0.03759216943649413,0.0,10.913018840294978,10.950611009731471,392.61034864775024,403.5233674880452,2023-12-22 07:13:34,2024-01-29 08:38:54,2024-02-09 06:33:38,Monday,8
218,c,14,0,354.5510920483899,403.5233674880452,4.604675246945476,0.041,0.04030775890026163,0.0,0.10474314189542673,0.18605090079568837,403.6046752469455,403.7094183888409,2023-12-22 07:13:34,2024-02-09 08:30:43,2024-02-09 11:01:33,Friday,8
218,e,15,0,354.5510920483899,403.7094183888409,4.752799752193823,0.041,0.0023813633529414244,0.0,5.142773028811509,5.18615439216445,403.7527997521938,408.89557278100534,2023-12-22 07:13:34,2024-02-09 12:04:01,2024-02-14 15:29:37,Friday,12
218,d,16,0,354.5510920483899,408.89557278100534,2.9404433142960897,0.0,0.044870533290733025,0.0,1.607355398755161,1.652225932045894,408.9404433142961,410.54779871305124,2023-12-22 07:13:34,2024-02-14 16:34:14,2024-02-16 07:08:49,Wednesday,16
218,f,17,0,354.5510920483899,410.54779871305124,4.61405457684441,0.041,0.02525586379320179,0.0,0.16388003756383296,0.23013590135703477,410.6140545768444,410.77793461440825,2023-12-22 07:13:34,2024-02-16 08:44:14,2024-02-16 12:40:13,Friday,8
218,c,18,0,354.5510920483899,410.77793461440825,5.39170187013093,0.041,0.5727672557226903,2.1082981298690697,3.6323366371851193,6.354402022776879,413.5,417.1323366371851,2023-12-22 07:13:34,2024-02-19 06:00:00,2024-02-22 21:10:33,Monday,6
218,c,19,0,354.5510920483899,417.1323366371851,4.3618331772427155,0.123,0.1064965400575944,0.13816682275728454,2.1654462197028344,2.5331095825177132,417.5,419.66544621970286,2023-12-22 07:13:34,2024-02-23 06:00:00,2024-02-25 09:58:14,Friday,6
218,b,20,0,354.5510920483899,419.66544621970286,6.670823499550636,0.0,0.005377279847775389,0.8291765004493641,0.03876192435815138,0.8733157046552908,420.5,420.53876192435814,2023-12-22 07:13:34,2024-02-27 06:00:00,2024-02-27 06:55:49,Tuesday,6
218,c,21,0,354.5510920483899,420.53876192435814,0.6932756534462783,0.041,0.11351372908813558,0.0,1.0950171561073996,1.2495308851955351,420.6932756534463,421.7882928095537,2023-12-22 07:13:34,2024-02-27 10:38:19,2024-02-28 12:55:08,Tuesday,10
218,c,22,0,354.5510920483899,421.7882928095537,1.899366171423253,0.082,0.029073361869570685,0.0,1.128933016861149,1.2400063787307198,421.89936617142325,423.0282991882844,2023-12-22 07:13:34,2024-02-28 15:35:05,2024-02-29 18:40:45,Wednesday,15
218,f,23,0,354.5510920483899,423.0282991882844,3.253597961207106,0.082,0.1432987729227119,0.24640203879289402,4.399426624256946,4.871127435972552,423.5,427.89942662425693,2023-12-22 07:13:34,2024-03-01 06:00:00,2024-03-05 15:35:10,Friday,6
219,b,1,0,355.2155038586396,355.2155038586396,5.352916318100824,0.082,0.05541245946127315,2.1470836818991756,3.980291907897541,6.26478804925799,357.5,361.48029190789754,2023-12-22 23:10:19,2023-12-25 06:00:00,2023-12-29 05:31:37,Monday,6
219,c,2,0,355.2155038586396,361.4802919078976,4.591211029558849,0.082,0.02891912166123538,0.0,0.19702405416204194,0.30794317582327735,361.59121102955885,361.7882350837209,2023-12-22 23:10:19,2023-12-29 08:11:20,2023-12-29 12:55:03,Friday,8
219,d,3,0,355.2155038586396,361.78823508372085,5.094069387045465,0.041,0.26483430332463487,2.405930612954535,4.223525101229245,6.9352900175084145,364.5,368.72352510122926,2023-12-22 23:10:19,2024-01-01 06:00:00,2024-01-05 11:21:52,Monday,6
219,f,4,0,355.2155038586396,368.72352510122926,4.826038813213756,0.041,0.061513711984482126,0.0,0.12082604983342694,0.22333976181790907,368.82603881321376,368.9468648630472,2023-12-22 23:10:19,2024-01-05 13:49:29,2024-01-05 16:43:29,Friday,13
219,c,5,0,355.2155038586396,368.94686486304715,5.065972435236063,0.082,0.0371075721888857,2.4340275647639373,0.44186401567782,2.994999152630643,371.49999999999994,371.94186401567777,2023-12-22 23:10:19,2024-01-08 05:59:59,2024-01-08 16:36:17,Monday,5
219,c,6,0,355.2155038586396,371.9418640156778,1.0358772903495606,0.041,0.05301327467174745,0.46412270965043945,2.01414064781999,2.572276632142177,372.5,374.51414064782,2023-12-22 23:10:19,2024-01-09 06:00:00,2024-01-11 06:20:21,Tuesday,6
219,e,7,0,355.2155038586396,374.51414064782,3.787750219696818,0.082,0.19160957187683658,0.0,1.5979008269050472,1.8715103987818837,374.7877502196968,376.3856510466019,2023-12-22 23:10:19,2024-01-11 12:54:21,2024-01-13 03:15:20,Thursday,12
219,d,8,0,355.2155038586396,376.3856510466019,5.5554679997765675,0.082,0.08781695317470634,1.9445320002234325,6.867801155759862,8.982150109158,378.5,385.3678011557599,2023-12-22 23:10:19,2024-01-15 06:00:00,2024-01-22 02:49:38,Monday,6
219,c,9,0,355.2155038586396,385.3678011557599,0.4262585589335117,0.0,0.05845740317365068,0.07374144106648828,3.799374058608841,3.93157290284898,385.5,389.29937405860886,2023-12-22 23:10:19,2024-01-22 06:00:00,2024-01-26 01:11:05,Monday,6
219,d,10,0,355.2155038586396,389.29937405860886,4.617341743655118,0.082,0.23596768504627175,0.0,1.8676509053926773,2.185618590438949,389.6173417436551,391.4849926490478,2023-12-22 23:10:19,2024-01-26 08:48:58,2024-01-28 05:38:23,Friday,8
219,e,11,0,355.2155038586396,391.4849926490478,6.526258562878468,0.041,0.00026591383069806573,0.9737414371215323,0.9267540871340856,1.941761438086316,392.5,393.4267540871341,2023-12-22 23:10:19,2024-01-29 06:00:00,2024-01-30 04:14:31,Monday,6
219,d,12,0,355.2155038586396,393.4267540871341,1.4718035590101977,0.041,0.004049471876116045,0.02819644098980234,7.811233587987584,7.884479500853502,393.5,401.3112335879876,2023-12-22 23:10:19,2024-01-30 06:00:00,2024-02-07 01:28:10,Tuesday,6
220,d,1,0,355.52939665496615,355.52939665496615,5.601880970639343,0.041,0.03148431567316828,1.8981190293606574,1.1277099097812548,3.0983132548150802,357.49999999999994,358.6277099097812,2023-12-23 06:42:19,2023-12-25 05:59:59,2023-12-26 09:03:54,Monday,5
220,b,2,0,355.52939665496615,358.62770990978123,1.7207841410936453,0.082,0.011074231312423029,0.0,0.05401145189674853,0.14708568320917156,358.72078414109365,358.7747955929904,2023-12-23 06:42:19,2023-12-26 11:17:55,2023-12-26 12:35:42,Tuesday,11
220,c,3,0,355.52939665496615,358.7747955929904,1.9270798338158102,0.041,0.11128424082538291,0.0,1.3332012412386125,1.4854854820639953,358.9270798338158,360.2602810750544,2023-12-23 06:42:19,2023-12-26 16:14:59,2023-12-28 00:14:48,Tuesday,16
221,b,1,0,356.3227101788213,356.3227101788213,6.422594164903728,0.082,0.017883986082410458,1.0774058350962719,1.0975868875700119,2.2748767087486943,357.5,358.59758688757,2023-12-24 01:44:42,2023-12-25 06:00:00,2023-12-26 08:20:31,Monday,6
221,f,2,0,356.3227101788213,358.59758688757,1.688321536950923,0.041,0.04973464938089827,0.0,0.01818436629880115,0.10891901567969942,358.6883215369509,358.7065059032497,2023-12-24 01:44:42,2023-12-26 10:31:10,2023-12-26 10:57:22,Tuesday,10
221,c,3,0,356.3227101788213,358.7065059032497,1.8049895301525112,0.041,0.05748362690283071,0.0,1.168455111319043,1.2669387382218735,358.8049895301525,359.97344464147153,2023-12-24 01:44:42,2023-12-26 13:19:11,2023-12-27 17:21:45,Tuesday,13
221,d,4,0,356.3227101788213,359.9734446414716,3.082777756438986,0.082,0.027333114967401564,0.4172222435610138,0.06403733811246902,0.5905926966408844,360.5,360.5640373381125,2023-12-24 01:44:42,2023-12-28 06:00:00,2023-12-28 07:32:12,Thursday,6
221,e,5,0,356.3227101788213,360.5640373381125,3.6155449125622567,0.0,0.05150757444979917,0.0,1.8998526874671455,1.9513602619169448,360.61554491256226,362.5153976000294,2023-12-24 01:44:42,2023-12-28 08:46:23,2023-12-30 06:22:10,Thursday,8
221,f,6,0,356.3227101788213,362.5153976000294,5.921880166173594,0.082,0.3244825661441509,1.5781198338264062,4.195939666668641,6.180542066639198,364.49999999999994,368.6959396666686,2023-12-24 01:44:42,2024-01-01 05:59:59,2024-01-05 10:42:09,Monday,5
221,d,7,0,356.3227101788213,368.6959396666686,4.8814623052011825,0.041,0.14452263853259975,0.0,2.079066993698969,2.264589632231569,368.8814623052012,370.96052929890016,2023-12-24 01:44:42,2024-01-05 15:09:18,2024-01-07 17:03:09,Friday,15
221,e,8,0,356.3227101788213,370.96052929890016,0.0040108726394691985,0.041,0.002481573739326576,0.4959891273605308,1.1128230582209098,1.6522937593207672,371.5,372.6128230582209,2023-12-24 01:44:42,2024-01-08 06:00:00,2024-01-09 08:42:27,Monday,6
221,f,9,0,356.3227101788213,372.6128230582209,1.877093832997673,0.082,0.18227077477679526,0.0,0.011700211272797391,0.2759709860495927,372.8770938329977,372.88879404427047,2023-12-24 01:44:42,2024-01-09 15:03:00,2024-01-09 15:19:51,Tuesday,15
221,e,10,0,356.3227101788213,372.88879404427047,2.0084604917564093,0.082,0.03766644748595093,0.4915395082435907,3.443086272478175,4.054292228207716,373.5,376.9430862724782,2023-12-24 01:44:42,2024-01-10 06:00:00,2024-01-13 16:38:02,Wednesday,6
221,f,11,0,356.3227101788213,376.9430862724782,6.158250127398105,0.041,0.1741638549199178,1.3417498726018948,0.6742107722903193,2.231124499812132,378.5,379.17421077229034,2023-12-24 01:44:42,2024-01-15 06:00:00,2024-01-15 22:10:51,Monday,6
221,c,12,0,356.3227101788213,379.17421077229034,1.5438114745837765,0.082,0.2876007022934548,0.0,0.06338746773147945,0.4329881700249343,379.5438114745838,379.6071989423153,2023-12-24 01:44:42,2024-01-16 07:03:05,2024-01-16 08:34:21,Tuesday,7
221,b,13,0,356.3227101788213,379.6071989423153,1.6946348724588916,0.082,0.005435930143593081,0.0,0.2004028693787111,0.2878387995223042,379.6946348724589,379.8950377418376,2023-12-24 01:44:42,2024-01-16 10:40:16,2024-01-16 15:28:51,Tuesday,10
221,b,14,0,356.3227101788213,379.8950377418376,2.0451917606782217,0.082,0.06815401884060406,0.4548082393217783,5.323964054187585,5.928926312349968,380.5,385.82396405418757,2023-12-24 01:44:42,2024-01-17 06:00:00,2024-01-22 13:46:30,Wednesday,6
222,b,1,0,356.3816551607656,356.3816551607656,6.479624059792457,0.082,0.015968899026837128,1.0203759402075434,0.7345425975124412,1.8528874367468218,357.5,358.2345425975124,2023-12-24 03:09:35,2023-12-25 06:00:00,2023-12-25 23:37:44,Monday,6
222,d,2,0,356.3816551607656,358.2345425975124,1.43830636342841,0.123,0.08076376591601421,0.061693636571590105,0.0424215831371579,0.3078789856247622,358.5,358.5424215831372,2023-12-24 03:09:35,2023-12-26 06:00:00,2023-12-26 07:01:05,Tuesday,6
222,e,3,0,356.3816551607656,358.5424215831372,1.8487794994272235,0.082,0.22435791629002613,0.0,3.7401462457843255,4.046504162074352,358.8487794994272,362.58892574521155,2023-12-24 03:09:35,2023-12-26 14:22:14,2023-12-30 08:08:03,Tuesday,14
222,c,4,0,356.3816551607656,362.58892574521155,5.598356075931974,0.0,0.00943033072041095,1.9016439240680256,15.50696422480506,17.418038479593495,364.5,380.0069642248051,2023-12-24 03:09:35,2024-01-01 06:00:00,2024-01-16 18:10:01,Monday,6
223,e,1,0,357.6100238566674,357.6100238566674,0.7088905222421431,0.082,0.016866665574770626,0.0,0.6404806436631484,0.739347309237919,357.70889052224214,358.34937116590527,2023-12-25 08:38:26,2023-12-25 11:00:48,2023-12-26 02:23:05,Monday,11
223,d,2,0,357.6100238566674,358.3493711659053,1.4342105694244651,0.082,0.0028394035191140286,0.06578943057553488,0.36587195888718005,0.5165007929818289,358.49999999999994,358.8658719588871,2023-12-25 08:38:26,2023-12-26 05:59:59,2023-12-26 14:46:51,Tuesday,5
223,b,3,0,357.6100238566674,358.86587195888717,2.0066195213501032,0.041,0.09974756246293473,0.49338047864989676,0.12743143045839384,0.7615594715712253,359.5,359.6274314304584,2023-12-25 08:38:26,2023-12-27 06:00:00,2023-12-27 09:03:30,Wednesday,6
223,c,4,0,357.6100238566674,359.6274314304584,2.756208403121832,0.082,0.0467769726634417,0.0,2.0217958116053962,2.150572784268838,359.75620840312183,361.7780042147272,2023-12-25 08:38:26,2023-12-27 12:08:56,2023-12-29 12:40:19,Wednesday,12
224,f,1,0,359.00229536543094,359.00229536543094,2.195710874291194,0.041,0.15241550886025723,0.30428912570880584,3.9492434514852195,4.446948086054283,359.5,363.44924345148524,2023-12-26 18:03:18,2023-12-27 06:00:00,2023-12-31 04:46:54,Wednesday,6
225,b,1,0,360.66205308466994,360.66205308466994,3.81500779630494,0.082,0.07095471163501386,0.0,0.9204077413518422,1.0733624529868562,360.81500779630494,361.73541553765676,2023-12-28 09:53:21,2023-12-28 13:33:36,2023-12-29 11:38:59,Thursday,13
226,c,1,0,361.37353412055893,361.37353412055893,4.4859220312545744,0.082,0.03038791069562515,0.014077968745425551,0.5519003242529478,0.6783662036939985,361.5,362.0519003242529,2023-12-29 02:57:53,2023-12-29 06:00:00,2023-12-29 19:14:44,Friday,6
226,e,2,0,361.37353412055893,362.0519003242529,5.197151239312802,0.123,0.02225091505986092,2.3028487606871977,0.9427310759790973,3.3908307517261562,364.5,365.4427310759791,2023-12-29 02:57:53,2024-01-01 06:00:00,2024-01-02 04:37:31,Monday,6
226,d,3,0,361.37353412055893,365.44273107597905,1.6630463254044798,0.082,0.13831524942541543,0.0,9.742187101781544,9.96250235120696,365.6630463254045,375.40523342718603,2023-12-29 02:57:53,2024-01-02 09:54:47,2024-01-12 03:43:32,Tuesday,9
226,e,4,0,361.37353412055893,375.40523342718603,4.507894881989387,0.0,0.10266145480337573,0.0,12.985035485134082,13.087696939937457,375.5078948819894,388.49293036712345,2023-12-29 02:57:53,2024-01-12 06:11:22,2024-01-25 05:49:49,Friday,6
226,f,5,0,361.37353412055893,388.4929303671235,3.586936800524768,0.082,0.012006433401273912,0.0,3.4194372630833207,3.5134436964845945,388.58693680052477,392.00637406360806,2023-12-29 02:57:53,2024-01-25 08:05:11,2024-01-28 18:09:10,Thursday,8
226,d,6,0,361.37353412055893,392.0063740636081,0.08500761062634865,0.0,0.07863354701822912,0.41499238937365135,2.0475742720014933,2.5412002083933736,392.5,394.5475742720015,2023-12-29 02:57:53,2024-01-29 06:00:00,2024-01-31 07:08:30,Monday,6
226,e,7,0,361.37353412055893,394.5475742720015,2.635207889716355,0.082,0.005633617714859318,0.0,1.946967276560081,2.03460089427494,394.63520788971636,396.58217516627644,2023-12-29 02:57:53,2024-01-31 09:14:41,2024-02-02 07:58:19,Wednesday,9
226,c,8,0,361.37353412055893,396.58217516627644,4.75112386667945,0.123,0.04594870040299141,0.0,2.528435947804023,2.6973846482070143,396.75112386667945,399.2795598144835,2023-12-29 02:57:53,2024-02-02 12:01:37,2024-02-05 00:42:33,Friday,12
226,d,9,0,361.37353412055893,399.27955981448343,0.3392468168647724,0.041,0.01868700238131784,0.16075318313522757,2.3820422661705734,2.602482451687119,399.5,401.8820422661706,2023-12-29 02:57:53,2024-02-05 06:00:00,2024-02-07 15:10:08,Monday,6
226,f,10,0,361.37353412055893,401.8820422661706,3.1009645521215816,0.123,0.09592228595098326,0.3990354478784184,0.40926569484567316,1.0272234286750748,402.49999999999994,402.9092656948456,2023-12-29 02:57:53,2024-02-08 05:59:59,2024-02-08 15:49:20,Thursday,5
226,d,11,0,361.37353412055893,402.90926569484566,4.072820257726903,0.0,0.16355456288122924,0.42717974227309696,0.5412178381778798,1.1319521433322062,403.5,404.0412178381779,2023-12-29 02:57:53,2024-02-09 06:00:00,2024-02-09 18:59:21,Friday,6
226,e,12,0,361.37353412055893,404.0412178381779,5.288361722228899,0.082,0.16514388405099992,2.211638277771101,8.288471714356746,10.747253876178846,406.5,414.7884717143568,2023-12-29 02:57:53,2024-02-12 06:00:00,2024-02-20 12:55:23,Monday,6
226,f,13,0,361.37353412055893,414.7884717143567,1.9071778038016305,0.041,0.07770608944492773,0.0,5.348927221859257,5.467633311304184,414.90717780380163,420.2561050256609,2023-12-29 02:57:53,2024-02-20 15:46:20,2024-02-27 00:08:47,Tuesday,15
226,f,14,0,361.37353412055893,420.25610502566093,0.36535556789357315,0.041,0.06825054223265818,0.13464443210642685,0.6612404682799213,0.9051354426190064,420.5,421.1612404682799,2023-12-29 02:57:53,2024-02-27 06:00:00,2024-02-27 21:52:11,Tuesday,6
226,e,15,0,361.37353412055893,421.1612404682799,1.5386693565235419,0.123,0.2544288882436356,0.0,0.5677016237439938,0.9451305119876294,421.53866935652354,422.1063709802675,2023-12-29 02:57:53,2024-02-28 06:55:41,2024-02-28 20:33:10,Wednesday,6
226,f,16,0,361.37353412055893,422.10637098026757,2.1885126344432138,0.0,0.08214165417562419,0.31148736555678624,1.0708487253686316,1.464477745101042,422.5,423.57084872536865,2023-12-29 02:57:53,2024-02-29 06:00:00,2024-03-01 07:42:01,Thursday,6
226,c,17,0,361.37353412055893,423.5708487253686,3.8924222693043475,0.123,0.19857354393575874,0.0,2.9060770726980425,3.2276506166338015,423.89242226930435,426.7984993420024,2023-12-29 02:57:53,2024-03-01 15:25:05,2024-03-04 13:09:50,Friday,15
226,e,18,0,361.37353412055893,426.7984993420024,6.921322470383302,0.0,0.12282312838090076,0.5786775296166979,0.09369052095771309,0.7951911789553118,427.5,427.5936905209577,2023-12-29 02:57:53,2024-03-05 06:00:00,2024-03-05 08:14:54,Tuesday,6
226,d,19,0,361.37353412055893,427.5936905209577,0.8378661909470679,0.082,0.16217566998936653,0.0,0.6955901363320606,0.9397658063214271,427.83786619094707,428.5334563272791,2023-12-29 02:57:53,2024-03-05 14:06:31,2024-03-06 06:48:10,Tuesday,14
226,d,20,0,361.37353412055893,428.5334563272791,1.5353111537444306,0.0,0.001854826465325075,0.0,0.461687575700116,0.46354240216544107,428.53531115374443,428.99699872944456,2023-12-29 02:57:53,2024-03-06 06:50:50,2024-03-06 17:55:40,Wednesday,6
226,e,21,0,361.37353412055893,428.99699872944456,2.3144408752708614,0.082,0.23544214582628809,0.1855591247291386,1.5811583988016773,2.084159669357104,429.5,431.0811583988017,2023-12-29 02:57:53,2024-03-07 06:00:00,2024-03-08 19:56:52,Thursday,6
226,b,22,0,361.37353412055893,431.0811583988017,4.244246486233294,0.082,0.08108808743159791,0.25575351376670596,0.32532799610975444,0.7441695973080583,431.5,431.82532799610976,2023-12-29 02:57:53,2024-03-09 06:00:00,2024-03-09 13:48:28,Saturday,6
227,b,1,0,362.3342809943341,362.3342809943341,5.360255758504934,0.0,0.02597476417080883,2.139744241495066,1.0675486483030772,3.2332676539689524,364.5,365.5675486483031,2023-12-30 02:01:21,2024-01-01 06:00:00,2024-01-02 07:37:16,Monday,6
227,c,2,0,362.3342809943341,365.56754864830305,1.7551264044325308,0.041,0.14657775612949783,0.0,1.466157691906874,1.6537354480363717,365.75512640443253,367.2212840963394,2023-12-30 02:01:21,2024-01-02 12:07:22,2024-01-03 23:18:38,Tuesday,12
227,c,3,0,362.3342809943341,367.22128409633945,3.365409209415759,0.082,0.06212511307631896,0.13459079058424095,0.1972097377543611,0.475925641414921,367.5,367.69720973775435,2023-12-30 02:01:21,2024-01-04 06:00:00,2024-01-04 10:43:58,Thursday,6
227,b,4,0,362.3342809943341,367.69720973775435,3.788418679163044,0.082,0.009208941408719454,0.0,1.1162338012407695,1.207442742649489,367.78841867916304,368.9046524804038,2023-12-30 02:01:21,2024-01-04 12:55:19,2024-01-05 15:42:41,Thursday,12
228,b,1,0,363.28753328019127,363.28753328019127,6.554326029288063,0.082,0.18479274909681356,0.9456739707119368,0.3590612100874545,1.571527929896205,364.5,364.8590612100875,2023-12-31 00:54:02,2024-01-01 06:00:00,2024-01-01 14:37:02,Monday,6
228,e,2,0,363.28753328019127,364.8590612100875,0.9989705191609346,0.082,0.057909309073466836,0.0,0.026610308754801967,0.1665196178282688,364.99897051916093,365.02558082791575,2023-12-31 00:54:02,2024-01-01 17:58:31,2024-01-01 18:36:50,Monday,17
228,c,3,0,363.28753328019127,365.02558082791575,1.160106795020397,0.041,0.09352596710466636,0.33989320497960307,1.808257315402751,2.2826764874870205,365.5,367.3082573154027,2023-12-31 00:54:02,2024-01-02 06:00:00,2024-01-04 01:23:53,Tuesday,6
228,b,4,0,363.28753328019127,367.3082573154028,3.611391274446305,0.041,0.26213395904352493,0.0,3.8418037057234256,4.1449376647669505,367.6113912744463,371.4531949801697,2023-12-31 00:54:02,2024-01-04 08:40:24,2024-01-08 04:52:36,Thursday,8
228,e,5,0,363.28753328019127,371.4531949801697,0.6131418434781608,0.0,0.15994686330844055,0.0,1.067586810861411,1.2275336741698517,371.61314184347816,372.6807286543396,2023-12-31 00:54:02,2024-01-08 08:42:55,2024-01-09 10:20:14,Monday,8
228,c,6,0,363.28753328019127,372.6807286543396,1.7381039255104724,0.041,0.016375271170910092,0.0,8.665877056193116,8.723252327364026,372.7381039255105,381.40398098170357,2023-12-31 00:54:02,2024-01-09 11:42:52,2024-01-18 03:41:43,Tuesday,11
228,f,7,0,363.28753328019127,381.4039809817036,3.5047996621217408,0.082,0.018818680418099493,0.0,0.8381075605120246,0.9389262409301241,381.50479966212174,382.34290722263376,2023-12-31 00:54:02,2024-01-18 06:06:54,2024-01-19 02:13:47,Thursday,6
228,b,8,0,363.28753328019127,382.34290722263376,4.403040293300421,0.0,0.06013307066664656,0.09695970669957887,0.5454230409416304,0.7025158183078558,382.5,383.0454230409416,2023-12-31 00:54:02,2024-01-19 06:00:00,2024-01-19 19:05:24,Friday,6
229,d,1,0,365.18037810784426,365.18037810784426,1.2922211214988124,0.041,0.07084301365453614,0.2077788785011876,0.03874341818854184,0.35836531034426555,365.5,365.5387434181885,2024-01-01 22:19:44,2024-01-02 06:00:00,2024-01-02 06:55:47,Tuesday,6
229,d,2,0,365.18037810784426,365.5387434181885,1.6710724178635132,0.082,0.05032899967500253,0.0,0.15078677668500426,0.2831157763600068,365.6710724178635,365.8218591945485,2024-01-01 22:19:44,2024-01-02 10:06:20,2024-01-02 13:43:28,Tuesday,10
229,d,3,0,365.18037810784426,365.82185919454855,1.9856112216925794,0.082,0.08175202714401358,0.0,4.434319513902324,4.5980715410463375,365.9856112216926,370.4199307355949,2024-01-01 22:19:44,2024-01-02 17:39:16,2024-01-07 04:04:42,Tuesday,17
229,c,4,0,365.18037810784426,370.4199307355949,6.66510000002404,0.123,0.12216926442915653,0.8348999999759599,9.11338610214771,10.193455366552826,371.5,380.61338610214773,2024-01-01 22:19:44,2024-01-08 06:00:00,2024-01-17 08:43:16,Monday,6
229,b,5,0,365.18037810784426,380.61338610214773,2.6665746893143023,0.041,0.01218858716655722,0.0,0.40353747087375336,0.4567260580403106,380.6665746893143,381.07011216018805,2024-01-01 22:19:44,2024-01-17 09:59:52,2024-01-17 19:40:57,Wednesday,9
229,c,6,0,365.18037810784426,381.07011216018805,3.1501843061284944,0.041,0.03907214594043056,0.3498156938715056,3.4361910305710714,3.8660788703830073,381.5,384.9361910305711,2024-01-01 22:19:44,2024-01-18 06:00:00,2024-01-21 16:28:06,Thursday,6
229,c,7,0,365.18037810784426,384.9361910305711,0.03460233349863984,0.041,0.05741130292755558,0.46539766650136016,6.696785627062251,7.260594596491167,385.5,392.19678562706224,2024-01-01 22:19:44,2024-01-22 06:00:00,2024-01-28 22:43:22,Monday,6
229,b,8,0,365.18037810784426,392.19678562706224,0.250831970527031,0.041,0.013046343464800315,0.249168029472969,0.32532443336627775,0.6285388063040471,392.5,392.8253244333663,2024-01-01 22:19:44,2024-01-29 06:00:00,2024-01-29 13:48:28,Monday,6
229,c,9,0,365.18037810784426,392.8253244333663,0.9786043536560101,0.082,0.07127992028972674,0.0,0.877164199566481,1.0304441198562078,392.978604353656,393.8557685532225,2024-01-01 22:19:44,2024-01-29 17:29:11,2024-01-30 14:32:18,Monday,17
229,e,10,0,365.18037810784426,393.8557685532225,2.057018523871932,0.123,0.07824997064944805,0.44298147612806815,2.1497872590388507,2.794018705816367,394.5,396.6497872590389,2024-01-01 22:19:44,2024-01-31 06:00:00,2024-02-02 09:35:41,Wednesday,6
230,f,1,0,365.56752250523516,365.56752250523516,1.660686195441599,0.082,0.011163690206444867,0.0,4.674375743596553,4.767539433802997,365.6606861954416,370.33506193903816,2024-01-02 07:37:13,2024-01-02 09:51:23,2024-01-07 02:02:29,Tuesday,9
230,f,2,0,365.56752250523516,370.33506193903816,6.467652999983329,0.041,0.09159106094514785,1.0323470000166708,0.006337182375348073,1.1712752433371667,371.49999999999994,371.5063371823753,2024-01-02 07:37:13,2024-01-08 05:59:59,2024-01-08 06:09:07,Monday,5
231,f,1,0,365.99839816497564,365.99839816497564,2.941966669119779,0.082,0.8615685041441348,0.0,10.313622587223783,11.257191091367918,366.9419666691198,377.25558925634357,2024-01-02 17:57:41,2024-01-03 16:36:25,2024-01-14 00:08:02,Wednesday,16
232,d,1,0,367.77608116400046,367.77608116400046,3.9380360084009,0.082,0.07995484440044644,0.0,0.10998120832141421,0.27193605272186067,367.9380360084009,368.0480172167223,2024-01-04 12:37:33,2024-01-04 16:30:46,2024-01-04 19:09:08,Thursday,16
232,b,2,0,367.77608116400046,368.0480172167223,4.262048795950648,0.041,0.17303157922835052,0.23795120404935233,0.18872281901667268,0.6407056022943756,368.5,368.6887228190167,2024-01-04 12:37:33,2024-01-05 06:00:00,2024-01-05 10:31:45,Friday,6
232,f,3,0,367.77608116400046,368.6887228190167,4.880346601669146,0.082,0.10962378265247062,0.0,0.647507125375153,0.8391309080276236,368.88034660166915,369.5278537270443,2024-01-04 12:37:33,2024-01-05 15:07:41,2024-01-06 06:40:06,Friday,15
232,f,4,0,367.77608116400046,369.5278537270443,5.648409845997605,0.082,0.038556118953289815,1.8515901540023947,0.5571132304126295,2.529259503368314,371.5,372.05711323041265,2024-01-04 12:37:33,2024-01-08 06:00:00,2024-01-08 19:22:14,Monday,6
232,e,5,0,367.77608116400046,372.05711323041265,1.1308195485150918,0.041,0.03270631810246419,0.3691804514849082,0.5254410515707015,0.9683278211580739,372.5,373.0254410515707,2024-01-04 12:37:33,2024-01-09 06:00:00,2024-01-09 18:36:38,Tuesday,6
232,b,6,0,367.77608116400046,373.02544105157074,2.2133228925998196,0.041,0.14688184102910964,0.2866771074001804,0.5017673357187235,0.9763262841480135,373.5,374.00176733571874,2024-01-04 12:37:33,2024-01-10 06:00:00,2024-01-10 18:02:32,Wednesday,6
232,f,7,0,367.77608116400046,374.00176733571874,3.5720152568878234,0.082,0.488247921169101,0.0,2.138921601633338,2.709169522802439,374.5720152568878,376.71093685852117,2024-01-04 12:37:33,2024-01-11 07:43:42,2024-01-13 11:03:44,Thursday,7
233,b,1,0,367.89746926801433,367.89746926801433,4.003279947335841,0.041,0.06481067932152461,0.4967200526641591,0.39754968605703245,1.000080418042716,368.5,368.897549686057,2024-01-04 15:32:21,2024-01-05 06:00:00,2024-01-05 15:32:28,Friday,6
233,d,2,0,367.89746926801433,368.89754968605706,5.2684999566383794,0.082,0.28895027058133077,2.2315000433616206,0.08288577755571086,2.6853360914986624,371.5,371.5828857775557,2024-01-04 15:32:21,2024-01-08 06:00:00,2024-01-08 07:59:21,Monday,6
233,e,3,0,367.89746926801433,371.5828857775557,0.8335731684008465,0.082,0.16868739084513165,0.0,2.9053408531817326,3.156028244026864,371.83357316840085,374.73891402158256,2024-01-04 15:32:21,2024-01-08 14:00:20,2024-01-11 11:44:02,Monday,14
234,e,1,0,373.7592853548775,373.7592853548775,2.8506571947629595,0.041,0.05037183988548102,0.0,3.85667799731739,3.9480498372028707,373.85065719476296,377.70733519208034,2024-01-10 12:13:22,2024-01-10 14:24:56,2024-01-14 10:58:33,Wednesday,14
235,b,1,0,373.92700032783466,373.92700032783466,3.044299987931936,0.082,0.03529966009725509,0.4557000120680641,0.6086387939686063,1.1816384661339256,374.5,375.1086387939686,2024-01-10 16:14:52,2024-01-11 06:00:00,2024-01-11 20:36:26,Thursday,6
235,f,2,0,373.92700032783466,375.10863879396857,4.222460157643695,0.041,0.0728213636751454,0.2775398423563047,0.052912713360379254,0.44427391939182936,375.5,375.5529127133604,2024-01-10 16:14:52,2024-01-12 06:00:00,2024-01-12 07:16:11,Friday,6
235,e,3,0,373.92700032783466,375.5529127133604,4.750424336685057,0.041,0.15651162332465446,0.0,5.192006893334107,5.389518516658762,375.75042433668506,380.94243123001917,2024-01-10 16:14:52,2024-01-12 12:00:36,2024-01-17 16:37:06,Friday,12
235,b,4,0,373.92700032783466,380.94243123001917,3.0344755530472867,0.041,0.05104432302809569,0.46552444695271333,10.811092244664453,11.368661014645262,381.5,392.31109224466445,2024-01-10 16:14:52,2024-01-18 06:00:00,2024-01-29 01:27:58,Thursday,6
235,b,5,0,373.92700032783466,392.31109224466445,0.455747320603507,0.041,0.10365507593905972,0.04425267939649302,0.23368185445381054,0.4225896097893633,392.5,392.73368185445383,2024-01-10 16:14:52,2024-01-29 06:00:00,2024-01-29 11:36:30,Monday,6
235,c,6,0,373.92700032783466,392.73368185445383,0.8278856490123871,0.082,0.012203794558580387,0.0,1.0603584864690696,1.15456228102765,392.8278856490124,393.88824413548144,2024-01-10 16:14:52,2024-01-29 13:52:09,2024-01-30 15:19:04,Monday,13
235,e,7,0,373.92700032783466,393.8882441354815,1.9390493058151037,0.041,0.009805170333580727,0.0,4.373483978109965,4.424289148443545,393.9390493058151,398.31253328392506,2024-01-10 16:14:52,2024-01-30 16:32:13,2024-02-04 01:30:02,Tuesday,16
236,f,1,0,374.0444484006624,374.0444484006624,3.131854731585122,0.041,0.04640633092272122,0.36814526841487805,0.6165337895008266,1.0720853888384259,374.5,375.1165337895008,2024-01-10 19:04:00,2024-01-11 06:00:00,2024-01-11 20:47:48,Thursday,6
236,c,2,0,374.0444484006624,375.11653378950086,4.520407103309083,0.0,0.40387331380823177,0.0,0.8474943135262011,1.251367627334433,375.5204071033091,376.3679014168353,2024-01-10 19:04:00,2024-01-12 06:29:23,2024-01-13 02:49:46,Friday,6
236,e,3,0,374.0444484006624,376.3679014168353,5.4773231128939415,0.041,0.06842169605865886,2.0226768871060585,0.06952345917037558,2.201622042335093,378.5,378.5695234591704,2024-01-10 19:04:00,2024-01-15 06:00:00,2024-01-15 07:40:06,Monday,6
237,b,1,0,375.4827170171871,375.4827170171871,4.568173008619283,0.041,0.04445599143216134,0.0,0.24474963735542196,0.3302056287875833,375.5681730086193,375.8129226459747,2024-01-12 05:35:06,2024-01-12 07:38:10,2024-01-12 13:30:36,Friday,7
237,e,2,0,375.4827170171871,375.8129226459747,4.955971038660721,0.041,0.10204839268600135,0.0,1.333069072543363,1.4761174652293643,375.9559710386607,377.2890401112041,2024-01-12 05:35:06,2024-01-12 16:56:35,2024-01-14 00:56:13,Friday,16
237,b,3,0,375.4827170171871,377.2890401112041,6.476010578270859,0.082,0.10497046706676219,1.0239894217291408,1.1137318876309559,2.324691776426859,378.5,379.61373188763093,2024-01-12 05:35:06,2024-01-15 06:00:00,2024-01-16 08:43:46,Monday,6
237,b,4,0,375.4827170171871,379.61373188763093,1.7196419692714358,0.041,0.06491008164050967,0.0,0.2597907923273205,0.36570087396783013,379.71964196927144,379.97943276159873,2024-01-12 05:35:06,2024-01-16 11:16:17,2024-01-16 17:30:22,Tuesday,11
237,b,5,0,375.4827170171871,379.9794327615988,2.1081671755829348,0.082,0.04673441398414342,0.39183282441706524,1.3730602587675358,1.8936274971687443,380.5,381.8730602587675,2024-01-12 05:35:06,2024-01-17 06:00:00,2024-01-18 14:57:12,Wednesday,6
237,e,6,0,375.4827170171871,381.8730602587675,4.3811592888511655,0.123,0.3850990300836324,0.11884071114883454,2.7795383815490946,3.4064781227815617,382.49999999999994,385.27953838154906,2024-01-12 05:35:06,2024-01-19 05:59:59,2024-01-22 00:42:32,Friday,5
237,d,7,0,375.4827170171871,385.27953838154906,0.42400138601135495,0.041,0.10346300446227702,0.07599861398864505,1.643819726574338,1.86428134502526,385.5,387.14381972657435,2024-01-12 05:35:06,2024-01-22 06:00:00,2024-01-23 21:27:06,Monday,6
237,e,8,0,375.4827170171871,387.1438197265743,2.260492107737832,0.082,0.03467238116351789,0.23950789226216784,0.29805794211179354,0.6542382155374793,387.5,387.79805794211177,2024-01-12 05:35:06,2024-01-24 06:00:00,2024-01-24 13:09:12,Wednesday,6
238,c,1,0,376.7225961910446,376.7225961910446,5.872263286745238,0.123,0.026667095700612153,1.6277367132547624,1.8929088475736866,3.6703126565290614,378.49999999999994,380.3929088475736,2024-01-13 11:20:32,2024-01-15 05:59:59,2024-01-17 03:25:47,Monday,5
238,c,2,0,376.7225961910446,380.39290884757366,2.4933731526325005,0.082,0.018464305058836568,0.006626847367499522,3.3269182334260377,3.4340093858523737,380.5,383.82691823342606,2024-01-13 11:20:32,2024-01-17 06:00:00,2024-01-20 13:50:45,Wednesday,6
238,d,3,0,376.7225961910446,383.82691823342606,5.942550676520909,0.041,0.07463244309485914,1.5574493234790907,4.753819793864865,6.426901560438815,385.5,390.25381979386486,2024-01-13 11:20:32,2024-01-22 06:00:00,2024-01-27 00:05:30,Monday,6
238,b,4,0,376.7225961910446,390.25381979386486,5.4138415699904385,0.041,0.11902177612556467,2.0861584300095615,3.225655075494676,5.471835281629803,392.5,395.72565507549467,2024-01-13 11:20:32,2024-01-29 06:00:00,2024-02-01 11:24:56,Monday,6
238,f,5,0,376.7225961910446,395.72565507549467,3.9465297334537013,0.123,0.09787465795905119,0.0,0.9504951557463827,1.1713698137054338,395.9465297334537,396.8970248892001,2024-01-13 11:20:32,2024-02-01 16:43:00,2024-02-02 15:31:42,Thursday,16
238,e,6,0,376.7225961910446,396.8970248892001,4.938431709314784,0.0,0.04140682011468774,0.0,4.126179155800689,4.167585975915377,396.9384317093148,401.06461086511547,2024-01-13 11:20:32,2024-02-02 16:31:20,2024-02-06 19:33:02,Friday,16
238,f,7,0,376.7225961910446,401.06461086511547,2.1074631427762256,0.041,0.0018522776607694511,0.3925368572237744,4.024622115355048,4.460011250239592,401.5,405.52462211535504,2024-01-13 11:20:32,2024-02-07 06:00:00,2024-02-11 06:35:27,Wednesday,6
238,f,8,0,376.7225961910446,405.52462211535504,6.631871975574654,0.041,0.0662498602196239,0.8681280244253458,0.06870193337067002,1.0440798180156396,406.5,406.5687019333707,2024-01-13 11:20:32,2024-02-12 06:00:00,2024-02-12 07:38:55,Monday,6
238,b,9,0,376.7225961910446,406.5687019333707,0.6909670650858288,0.041,0.08126513171516044,0.0,1.434414796333813,1.5566799280489734,406.69096706508583,408.12538186141967,2024-01-13 11:20:32,2024-02-12 10:34:59,2024-02-13 21:00:32,Monday,10
238,b,10,0,376.7225961910446,408.12538186141967,2.328406904590281,0.082,0.12102504317061975,0.1715930954097189,18.02612961077908,18.400747749359418,408.5,426.5261296107791,2024-01-13 11:20:32,2024-02-14 06:00:00,2024-03-04 06:37:37,Wednesday,6
238,f,11,0,376.7225961910446,426.5261296107791,6.84921012493993,0.123,0.20008051416082703,0.6507898750600702,1.9175257330715612,2.8913961222924582,427.5,429.41752573307156,2024-01-13 11:20:32,2024-03-05 06:00:00,2024-03-07 04:01:14,Tuesday,6
238,b,12,0,376.7225961910446,429.41752573307156,2.448495045953848,0.0,0.03096931288229092,0.05150495404615185,0.02724862619423809,0.10972289312268085,429.5,429.52724862619425,2024-01-13 11:20:32,2024-03-07 06:00:00,2024-03-07 06:39:14,Thursday,6
239,f,1,0,377.51659721235865,377.51659721235865,6.746164824726463,0.082,0.1475676123678334,0.7538351752735366,9.685535112524086,10.668937900165457,378.5,388.18553511252406,2024-01-14 06:23:53,2024-01-15 06:00:00,2024-01-24 22:27:10,Monday,6
239,d,2,0,377.51659721235865,388.1855351125241,3.209823588674112,0.0,0.02428847614997094,0.2901764113258878,0.3750606268294423,0.689525514305301,388.5,388.87506062682945,2024-01-14 06:23:53,2024-01-25 06:00:00,2024-01-25 15:00:05,Thursday,6
239,c,3,0,377.51659721235865,388.8750606268294,4.041588209759766,0.123,0.04352758293034868,0.45841179024023404,2.5316416730486626,3.1565810462192454,389.49999999999994,392.0316416730486,2024-01-14 06:23:53,2024-01-26 05:59:59,2024-01-28 18:45:33,Friday,5
239,d,4,0,377.51659721235865,392.0316416730486,0.24930322554132545,0.041,0.17666155249272733,0.25069677445867455,0.16289745600373687,0.6312557829551387,392.5,392.66289745600375,2024-01-14 06:23:53,2024-01-29 06:00:00,2024-01-29 09:54:34,Monday,6
240,c,1,0,377.7781870301263,377.7781870301263,0.011773766018961851,0.123,0.11058673589271124,0.48822623398103815,7.0814959301261515,7.803308899999901,378.5,385.58149593012615,2024-01-14 12:40:35,2024-01-15 06:00:00,2024-01-22 07:57:21,Monday,6
240,b,2,0,377.7781870301263,385.58149593012615,0.7783231302526019,0.123,0.07382720012644224,0.0,0.16452168287246594,0.36134888299890816,385.7783231302526,385.9428448131251,2024-01-14 12:40:35,2024-01-22 12:40:47,2024-01-22 16:37:41,Monday,12
240,f,3,0,377.7781870301263,385.9428448131251,1.0670224892637634,0.041,0.08317767613868986,0.4329775107362366,0.4650347364283446,1.0221899233032712,386.5,386.9650347364283,2024-01-14 12:40:35,2024-01-23 06:00:00,2024-01-23 17:09:39,Tuesday,6
240,b,4,0,377.7781870301263,386.9650347364283,2.07569978932446,0.0,0.1106650528961327,0.4243002106755398,2.326835431558532,2.8618006951302046,387.5,389.82683543155855,2024-01-14 12:40:35,2024-01-24 06:00:00,2024-01-26 13:50:38,Wednesday,6
241,c,1,0,377.9911645950484,377.9911645950484,0.04997167926291013,0.041,0.017807084214487328,0.45002832073708987,1.021899207921506,1.5307346128730832,378.5,379.5218992079215,2024-01-14 17:47:16,2024-01-15 06:00:00,2024-01-16 06:31:32,Monday,6
241,c,2,0,377.9911645950484,379.5218992079215,1.6317734113528672,0.041,0.06887420343136055,0.0,2.603081212752984,2.7129554161843448,379.6317734113528,382.2348546241058,2024-01-14 17:47:16,2024-01-16 09:09:45,2024-01-18 23:38:11,Tuesday,9
241,f,3,0,377.9911645950484,382.2348546241058,4.431602112640178,0.082,0.11474748853434256,0.06839788735982211,0.41288547094676387,0.6780308468409285,382.5,382.9128854709468,2024-01-14 17:47:16,2024-01-19 06:00:00,2024-01-19 15:54:33,Friday,6
241,b,4,0,377.9911645950484,382.9128854709468,4.9561531967064525,0.041,0.002267725759676245,0.0,0.206022719446643,0.24929044520631924,382.95615319670645,383.1621759161531,2024-01-14 17:47:16,2024-01-19 16:56:51,2024-01-19 21:53:31,Friday,16
241,e,5,0,377.9911645950484,383.1621759161531,5.245319690133442,0.041,0.04214377398032212,2.2546803098665578,0.24603361528661502,2.583857699133495,385.5,385.7460336152866,2024-01-14 17:47:16,2024-01-22 06:00:00,2024-01-22 11:54:17,Monday,6
241,d,6,0,377.9911645950484,385.7460336152866,0.8293643771082202,0.041,0.042330761821618205,0.0,1.3253545551006682,1.4086853169222864,385.8293643771082,387.1547189322089,2024-01-14 17:47:16,2024-01-22 13:54:17,2024-01-23 21:42:47,Monday,13
241,c,7,0,377.9911645950484,387.1547189322089,2.213223985505067,0.041,0.017505053296162556,0.28677601449493295,3.868130056484435,4.213411124275531,387.5,391.36813005648446,2024-01-14 17:47:16,2024-01-24 06:00:00,2024-01-28 02:50:06,Wednesday,6
241,c,8,0,377.9911645950484,391.3681300564844,6.455296695303787,0.082,0.005166638819409287,1.0447033046962133,2.1115718775560612,3.2434418210716838,392.5,394.61157187755606,2024-01-14 17:47:16,2024-01-29 06:00:00,2024-01-31 08:40:39,Monday,6
241,d,9,0,377.9911645950484,394.61157187755606,2.6742021388068338,0.041,0.021630261250800167,0.0,3.9817381570669994,4.0443684183177995,394.67420213880683,398.65594029587385,2024-01-14 17:47:16,2024-01-31 10:10:51,2024-02-04 09:44:33,Wednesday,10
241,d,10,0,377.9911645950484,398.65594029587385,6.914945890421734,0.0,0.25900559454791,0.585054109578266,6.241868940947673,7.085928645073849,399.5,405.74186894094765,2024-01-14 17:47:16,2024-02-05 06:00:00,2024-02-11 11:48:17,Monday,6
242,e,1,0,378.4033138086504,378.4033138086504,0.497372887096617,0.041,0.053059078446188956,0.002627112903383022,0.07835368250431914,0.17503987385389114,378.5,378.5783536825043,2024-01-15 03:40:46,2024-01-15 06:00:00,2024-01-15 07:52:49,Monday,6
242,c,2,0,378.4033138086504,378.5783536825043,0.6303354328928208,0.041,0.010981750388519921,0.0,0.19643869079475046,0.2484204411832704,378.6303354328928,378.8267741236876,2024-01-15 03:40:46,2024-01-15 09:07:40,2024-01-15 13:50:33,Monday,9
242,e,3,0,378.4033138086504,378.8267741236876,1.1612267924019193,0.123,0.2114526687143161,0.3387732075980807,4.353902121319615,5.027127997632013,379.5,383.8539021213196,2024-01-15 03:40:46,2024-01-16 06:00:00,2024-01-20 14:29:37,Tuesday,6
242,d,4,0,378.4033138086504,383.8539021213196,5.947736979099545,0.082,0.011834857779934283,1.5522630209004546,0.26479207804522675,1.9108899567256157,385.5,385.7647920780452,2024-01-15 03:40:46,2024-01-22 06:00:00,2024-01-22 12:21:18,Monday,6
242,d,5,0,378.4033138086504,385.7647920780452,0.9614053558838123,0.041,0.15561327783859596,0.0,5.944071154235517,6.140684432074113,385.9614053558838,391.90547651011934,2024-01-15 03:40:46,2024-01-22 17:04:25,2024-01-28 15:43:53,Monday,17
242,e,6,0,378.4033138086504,391.90547651011934,0.22223880149840625,0.041,0.2757622913790488,0.27776119850159375,2.3087188976548574,2.9032423875355,392.5,394.80871889765484,2024-01-15 03:40:46,2024-01-29 06:00:00,2024-01-31 13:24:33,Monday,6
242,b,7,0,378.4033138086504,394.80871889765484,3.0414577255201607,0.082,0.1507388278653246,0.4585422744798393,0.38144807189600194,1.0727291742411658,395.5,395.881448071896,2024-01-15 03:40:46,2024-02-01 06:00:00,2024-02-01 15:09:17,Thursday,6
242,f,8,0,378.4033138086504,395.881448071896,4.032127158284823,0.082,0.06867908638882257,0.4678728417151774,1.4699107627689645,2.0884626908729644,396.5,397.96991076276896,2024-01-15 03:40:46,2024-02-02 06:00:00,2024-02-03 17:16:40,Friday,6
242,b,9,0,378.4033138086504,397.96991076276896,6.033800317077748,0.041,0.022889554308795634,1.4661996829222517,4.2652238402952305,5.795313077526278,399.5,403.7652238402952,2024-01-15 03:40:46,2024-02-05 06:00:00,2024-02-09 12:21:55,Monday,6
243,e,1,0,378.4902803767609,378.4902803767609,0.5956270259890744,0.082,0.023346649228203044,0.0,0.48245487042627744,0.5878015196544805,378.5956270259891,379.07808189641537,2024-01-15 05:46:00,2024-01-15 08:17:42,2024-01-15 19:52:26,Monday,8
243,e,2,0,378.4902803767609,379.07808189641537,1.2408496386743764,0.041,0.12176774225901402,0.25915036132562363,1.1673405108629165,1.5892586144475542,379.5,380.6673405108629,2024-01-15 05:46:00,2024-01-16 06:00:00,2024-01-17 10:00:58,Tuesday,6
243,b,3,0,378.4902803767609,380.6673405108629,3.3238587486277993,0.041,0.6155182377648574,0.1761412513722007,2.437663914704014,3.270323403841072,381.49999999999994,383.93766391470393,2024-01-15 05:46:00,2024-01-18 05:59:59,2024-01-20 16:30:14,Thursday,5
243,b,4,0,378.4902803767609,383.937663914704,6.055515167765009,0.082,0.03585125306102811,1.4444848322349912,0.22961629652855423,1.7919523818245735,385.5,385.72961629652855,2024-01-15 05:46:00,2024-01-22 06:00:00,2024-01-22 11:30:38,Monday,6
243,f,5,0,378.4902803767609,385.72961629652855,0.8886669909327338,0.123,0.036050694404208015,0.0,1.3611079130179615,1.5201586074221696,385.88866699093273,387.2497749039507,2024-01-15 05:46:00,2024-01-22 15:19:40,2024-01-23 23:59:40,Monday,15
244,e,1,0,379.0604587771923,379.0604587771923,1.3882298727862121,0.123,0.20477109559388607,0.11177012721378787,0.2753518165577725,0.7148930393654465,379.5,379.77535181655776,2024-01-15 19:27:03,2024-01-16 06:00:00,2024-01-16 12:36:30,Tuesday,6
244,b,2,0,379.0604587771923,379.77535181655776,1.8475720090155505,0.041,0.03122019245778056,0.0,0.028678406673643003,0.10089859913142357,379.84757200901555,379.8762504156892,2024-01-15 19:27:03,2024-01-16 14:20:30,2024-01-16 15:01:48,Tuesday,14
244,d,3,0,379.0604587771923,379.8762504156892,1.9299266562453568,0.041,0.012676240556158258,0.0,3.7029852818086275,3.756661522364786,379.92992665624536,383.632911938054,2024-01-15 19:27:03,2024-01-16 16:19:05,2024-01-20 09:11:23,Tuesday,16
244,b,4,0,379.0604587771923,383.63291193805395,5.830248158078405,0.082,0.11533622002447855,1.6697518419215953,3.2161073223565615,5.083195384302636,385.5,388.71610732235655,2024-01-15 19:27:03,2024-01-22 06:00:00,2024-01-25 11:11:11,Monday,6
244,f,5,0,379.0604587771923,388.7161073223566,3.9390844446342044,0.082,0.14097712227761452,0.0,0.6477616409054925,0.870738763183107,388.9390844446342,389.5868460855397,2024-01-15 19:27:03,2024-01-25 16:32:16,2024-01-26 08:05:03,Thursday,16
244,d,6,0,379.0604587771923,389.5868460855397,4.641013826321057,0.041,0.013167740781310328,0.0,0.2489469273210525,0.3031146681023628,389.641013826321,389.8899607536421,2024-01-15 19:27:03,2024-01-26 09:23:03,2024-01-26 15:21:32,Friday,9
244,b,7,0,379.0604587771923,389.8899607536421,4.89841336672356,0.0,0.008452613081488095,0.0,0.7872564547663025,0.7957090678477906,389.89841336672356,390.68566982148985,2024-01-15 19:27:03,2024-01-26 15:33:42,2024-01-27 10:27:21,Friday,15
244,e,8,0,379.0604587771923,390.68566982148985,5.816942019799342,0.041,0.09027219830950577,1.6830579802006582,0.39896701378120003,2.213297192291364,392.5,392.8989670137812,2024-01-15 19:27:03,2024-01-29 06:00:00,2024-01-29 15:34:30,Monday,6
244,e,9,0,379.0604587771923,392.8989670137812,1.3071426757649647,0.123,0.2851756619837798,0.19285732423503532,5.829580939234233,6.430613925453048,393.5,399.32958093923423,2024-01-15 19:27:03,2024-01-30 06:00:00,2024-02-05 01:54:35,Tuesday,6
244,f,10,0,379.0604587771923,399.32958093923423,0.5502192060889115,0.0,0.220638266854684,0.0,4.806915425096957,5.027553691951641,399.5502192060889,404.3571346311859,2024-01-15 19:27:03,2024-02-05 07:12:18,2024-02-10 02:34:16,Monday,7
245,e,1,0,379.761787326677,379.761787326677,1.8747379010179657,0.0,0.1129505743409633,0.0,0.05639278660257802,0.16934336094354133,379.87473790101797,379.93113068762057,2024-01-16 12:16:58,2024-01-16 14:59:37,2024-01-16 16:20:49,Tuesday,14
245,d,2,0,379.761787326677,379.9311306876205,2.1524830348897126,0.082,0.13935234726922843,0.3475169651102874,0.06049609804028619,0.6293654104198021,380.5,380.5604960980403,2024-01-16 12:16:58,2024-01-17 06:00:00,2024-01-17 07:27:06,Wednesday,6
245,e,3,0,379.761787326677,380.5604960980403,2.636372603675909,0.041,0.03487650563560151,0.0,2.639951760329241,2.7158282659648423,380.6363726036759,383.2763243640052,2024-01-16 12:16:58,2024-01-17 09:16:22,2024-01-20 00:37:54,Wednesday,9
245,b,4,0,379.761787326677,383.2763243640051,5.319290036805285,0.041,0.0019656728001669443,2.1807099631947153,3.124450516170973,5.348126152165856,385.5,388.62445051617095,2024-01-16 12:16:58,2024-01-22 06:00:00,2024-01-25 08:59:12,Monday,6
245,b,5,0,379.761787326677,388.62445051617095,3.7304311526897322,0.082,0.023980636518786527,0.0,1.405392632934901,1.5113732694536874,388.73043115268973,390.1358237856246,2024-01-16 12:16:58,2024-01-25 11:31:49,2024-01-26 21:15:35,Thursday,11
245,d,6,0,379.761787326677,390.13582378562467,5.677560323041746,0.123,0.41873653741707684,1.822439676958254,2.119860266995586,4.484036481370917,392.5,394.6198602669956,2024-01-16 12:16:58,2024-01-29 06:00:00,2024-01-31 08:52:35,Monday,6
245,f,7,0,379.761787326677,394.6198602669956,2.862330054707627,0.0,0.24246978771200328,0.0,3.1967204079430087,3.439190195655012,394.8623300547076,398.05905046265065,2024-01-16 12:16:58,2024-01-31 14:41:45,2024-02-03 19:25:01,Wednesday,14
245,e,8,0,379.761787326677,398.0590504626506,6.115465218021598,0.041,0.015414755370994343,1.3845347819784024,0.20363787759721383,1.6445874149466106,399.5,399.7036378775972,2024-01-16 12:16:58,2024-02-05 06:00:00,2024-02-05 10:53:14,Monday,6
245,f,9,0,379.761787326677,399.7036378775972,0.9137313097497781,0.041,0.16909343215256983,0.0,0.027285652744429012,0.23737908489699885,399.9137313097498,399.9410169624942,2024-01-16 12:16:58,2024-02-05 15:55:46,2024-02-05 16:35:03,Monday,15
245,c,10,0,379.761787326677,399.9410169624942,1.0187167236360324,0.041,0.03669976114183356,0.4812832763639676,11.16293296604741,11.721916003553211,400.5,411.66293296604744,2024-01-16 12:16:58,2024-02-06 06:00:00,2024-02-17 09:54:37,Tuesday,6
245,e,11,0,379.761787326677,411.6629329660474,5.771141909959681,0.041,0.06720894391228736,1.728858090040319,2.1468136051030373,3.9838806390556436,413.5,415.64681360510303,2024-01-16 12:16:58,2024-02-19 06:00:00,2024-02-21 09:31:24,Monday,6
245,d,12,0,379.761787326677,415.64681360510303,2.692199325356569,0.041,0.00438572025354636,0.0,1.166130463755281,1.2115161840088273,415.69219932535657,416.85832978911185,2024-01-16 12:16:58,2024-02-21 10:36:46,2024-02-22 14:35:59,Wednesday,10
245,c,13,0,379.761787326677,416.85832978911185,4.067544053911547,0.123,0.08621426479971318,0.43245594608845295,0.43584360087656165,1.0775138117647278,417.5,417.9358436008766,2024-01-16 12:16:58,2024-02-23 06:00:00,2024-02-23 16:27:36,Friday,6
246,c,1,0,380.08016897621025,380.08016897621025,2.244754687277407,0.123,0.041585711067149284,0.2552453127225931,0.5474132337566373,0.9672442575463797,380.5,381.04741323375663,2024-01-16 19:55:26,2024-01-17 06:00:00,2024-01-17 19:08:16,Wednesday,6
247,b,1,0,380.689634590772,380.689634590772,2.8101664548857457,0.082,0.03853186411374008,0.0,0.38817223820164865,0.5087041023153888,380.81016645488575,381.1983386930874,2024-01-17 10:33:04,2024-01-17 13:26:38,2024-01-17 22:45:36,Wednesday,13
247,f,2,0,380.689634590772,381.1983386930874,3.334019147967979,0.082,0.05368045488054967,0.16598085203202118,0.002335383373338136,0.30399669028590903,381.5,381.50233538337335,2024-01-17 10:33:04,2024-01-18 06:00:00,2024-01-18 06:03:21,Thursday,6
248,d,1,0,381.2173242389452,381.2173242389452,3.421822039470271,0.041,0.16349780052507454,0.07817796052972881,0.08598058493613414,0.3686563459909375,381.5,381.5859805849361,2024-01-17 23:12:56,2024-01-18 06:00:00,2024-01-18 08:03:48,Thursday,6
249,f,1,0,382.3754965488439,382.3754965488439,4.482329522533348,0.041,0.06583297368945928,0.017670477466651846,8.14264978134223,8.267153232498341,382.5,390.64264978134224,2024-01-19 03:00:42,2024-01-19 06:00:00,2024-01-27 09:25:24,Friday,6
249,e,2,0,382.3754965488439,390.64264978134224,5.703104941450761,0.041,0.01945516010852565,1.7968950585492394,3.2751095162191546,5.132459734876919,392.5,395.7751095162192,2024-01-19 03:00:42,2024-01-29 06:00:00,2024-02-01 12:36:09,Monday,6
250,d,1,0,384.2322125302835,384.2322125302835,6.355753049182226,0.082,0.04154051889874321,1.1442469508177737,0.6775582084961251,1.9453456782126421,385.5,386.1775582084961,2024-01-20 23:34:23,2024-01-22 06:00:00,2024-01-22 22:15:41,Monday,6
250,c,2,0,384.2322125302835,386.1775582084961,1.227385488377024,0.041,0.008827279880878539,0.2726145116229759,0.15931015603331863,0.4817519475371731,386.5,386.6593101560333,2024-01-20 23:34:23,2024-01-23 06:00:00,2024-01-23 09:49:24,Tuesday,6
250,d,3,0,384.2322125302835,386.6593101560333,1.8058424708170264,0.041,0.10553231478370594,0.0,5.2753302760418315,5.421862590825538,386.805842470817,392.08117274685884,2024-01-20 23:34:23,2024-01-23 13:20:24,2024-01-28 19:56:53,Tuesday,13
250,b,4,0,384.2322125302835,392.08117274685884,0.3329981998685412,0.082,0.16982545300970942,0.16700180013145882,2.9965004478232697,3.415327700964438,392.5,395.4965004478233,2024-01-20 23:34:23,2024-01-29 06:00:00,2024-02-01 05:54:57,Monday,6
251,d,1,0,384.39064250582555,384.39064250582555,6.4756775279176395,0.082,0.003035022092070869,1.0243224720823605,0.5439966153574737,1.653354109531905,385.5,386.04399661535746,2024-01-21 03:22:31,2024-01-22 06:00:00,2024-01-22 19:03:21,Monday,6
251,f,2,0,384.39064250582555,386.04399661535746,1.1949453163426824,0.041,0.10994870098520847,0.3050546836573176,0.009649206553159581,0.46565259119568564,386.5,386.50964920655315,2024-01-21 03:22:31,2024-01-23 06:00:00,2024-01-23 06:13:53,Tuesday,6
251,c,3,0,384.39064250582555,386.50964920655315,1.6226897254598498,0.082,0.031040518906687204,0.0,4.912380863255177,5.0254213821618645,386.62268972545985,391.53507058871503,2024-01-21 03:22:31,2024-01-23 08:56:40,2024-01-28 06:50:30,Tuesday,8
251,b,4,0,384.39064250582555,391.53507058871503,6.8354958583394705,0.082,0.21842526962444483,0.6645041416605295,1.8418181563579012,2.8067475676428755,392.5,394.3418181563579,2024-01-21 03:22:31,2024-01-29 06:00:00,2024-01-31 02:12:13,Monday,6
251,f,5,0,384.39064250582555,394.34181815635793,2.4883204498158307,0.041,0.10550229345792264,0.01167955018416933,0.17671287960577617,0.3348947232478682,394.5,394.67671287960576,2024-01-21 03:22:31,2024-01-31 06:00:00,2024-01-31 10:14:27,Wednesday,6
252,c,1,0,384.86273166104104,384.86273166104104,0.23891217970219714,0.082,0.29418051866117106,0.26108782029780286,1.3631597564229856,2.0004280953819595,385.5,386.863159756423,2024-01-21 14:42:20,2024-01-22 06:00:00,2024-01-23 14:42:57,Monday,6
252,b,2,0,384.86273166104104,386.863159756423,2.007765159207679,0.082,0.06260540278468632,0.49223484079232094,0.0378752514060743,0.6747154949830816,387.5,387.5378752514061,2024-01-21 14:42:20,2024-01-24 06:00:00,2024-01-24 06:54:32,Wednesday,6
252,e,3,0,384.86273166104104,387.5378752514061,2.786845605285464,0.082,0.16697035387934778,0.0,5.891533680896186,6.1405040347755335,387.7868456052854,393.6783792861816,2024-01-21 14:42:20,2024-01-24 12:53:03,2024-01-30 10:16:51,Wednesday,12
252,e,4,0,384.86273166104104,393.6783792861816,1.7646306079622605,0.082,0.004251321780675625,0.0,1.0086636312865138,1.0949149530671893,393.76463060796226,394.7732942392488,2024-01-21 14:42:20,2024-01-30 12:21:04,2024-01-31 12:33:32,Tuesday,12
252,c,5,0,384.86273166104104,394.7732942392488,2.8951224026271802,0.082,0.03982816337839464,0.0,1.0834809449629654,1.20530910834136,394.8951224026272,395.97860334759014,2024-01-21 14:42:20,2024-01-31 15:28:58,2024-02-01 17:29:11,Wednesday,15
252,b,6,0,384.86273166104104,395.97860334759014,4.441616265882999,0.082,0.38101291829284856,0.05838373411700104,0.4241616799198808,0.9455583323297305,396.5,396.9241616799199,2024-01-21 14:42:20,2024-02-02 06:00:00,2024-02-02 16:10:47,Friday,6
252,f,7,0,384.86273166104104,396.92416167991985,5.055313012269096,0.082,0.0491513323492597,2.444686987730904,1.5747457164687442,4.150584036548908,399.5,401.0747457164687,2024-01-21 14:42:20,2024-02-05 06:00:00,2024-02-06 19:47:38,Monday,6
253,e,1,0,385.76632980933505,385.76632980933505,0.9108565969975189,0.082,0.0625267876624649,0.0,0.3802652069389246,0.5247919946013895,385.9108565969975,386.29112180393645,2024-01-22 12:23:30,2024-01-22 15:51:38,2024-01-23 00:59:12,Monday,15
253,d,2,0,385.76632980933505,386.29112180393645,1.4532277798092537,0.082,0.08010597587281997,0.04677222019074634,0.37797098346755226,0.5868491795311186,386.5,386.87797098346755,2024-01-22 12:23:30,2024-01-23 06:00:00,2024-01-23 15:04:16,Tuesday,6
253,b,3,0,385.76632980933505,386.87797098346755,2.123216209106488,0.123,0.12224522563892765,0.3767837908935121,1.5029161895499794,2.124945206082419,387.5,389.00291618955,2024-01-22 12:23:30,2024-01-24 06:00:00,2024-01-25 18:04:11,Wednesday,6
253,f,4,0,385.76632980933505,389.00291618955,4.04998786085082,0.041,0.006071671300830411,0.45001213914918026,0.6232560694143399,1.1203398798643505,389.5,390.12325606941437,2024-01-22 12:23:30,2024-01-26 06:00:00,2024-01-26 20:57:29,Friday,6
254,f,1,0,386.06660935750267,386.06660935750267,1.2220851510475086,0.041,0.11447579354483446,0.2779148489524914,15.988317621798048,16.421708264295376,386.5,402.48831762179805,2024-01-22 19:35:55,2024-01-23 06:00:00,2024-02-08 05:43:10,Tuesday,6
254,f,2,0,386.06660935750267,402.48831762179805,3.8361315193839687,0.082,0.26581389758591584,0.0,0.0020555479141064416,0.3498694455000223,402.83613151938397,402.83818706729807,2024-01-22 19:35:55,2024-02-08 14:04:01,2024-02-08 14:06:59,Thursday,14
254,d,3,0,386.06660935750267,402.83818706729807,4.235724078413625,0.082,0.31553701111557236,0.2642759215863748,5.439827123418071,6.101640056120018,403.5,408.93982712341807,2024-01-22 19:35:55,2024-02-09 06:00:00,2024-02-14 16:33:21,Friday,6
254,d,4,0,386.06660935750267,408.93982712341807,3.0438709655325624,0.041,0.06304384211448737,0.4561290344674376,0.21854981580171098,0.7787226923836359,409.5,409.71854981580174,2024-01-22 19:35:55,2024-02-15 06:00:00,2024-02-15 11:14:42,Thursday,6
254,c,5,0,386.06660935750267,409.7185498158017,3.838857463316799,0.041,0.07930764751510831,0.0,0.5204692235884891,0.6407768711035975,409.8388574633168,410.35932668690526,2024-01-22 19:35:55,2024-02-15 14:07:57,2024-02-16 02:37:25,Thursday,14
254,f,6,0,386.06660935750267,410.35932668690526,4.507403931498004,0.123,0.025077244592732445,0.0,0.3817612018722783,0.5298384464650108,410.507403931498,410.8891651333703,2024-01-22 19:35:55,2024-02-16 06:10:39,2024-02-16 15:20:23,Friday,6
254,f,7,0,386.06660935750267,410.8891651333703,5.038734258097634,0.082,0.06756912472733174,2.4612657419023662,1.331026169427607,3.941861036057305,413.5,414.8310261694276,2024-01-22 19:35:55,2024-02-19 06:00:00,2024-02-20 13:56:40,Monday,6
254,e,8,0,386.06660935750267,414.8310261694276,1.9938936546251966,0.082,0.08086748519760456,0.0,1.4580202102044022,1.6208876954020068,414.9938936546252,416.4519138648296,2024-01-22 19:35:55,2024-02-20 17:51:12,2024-02-22 04:50:45,Tuesday,17
255,c,1,0,386.28739009267895,386.28739009267895,1.515977295013272,0.041,0.18758720233434967,0.0,0.7715962133867261,1.0001834157210758,386.5159772950133,387.2875735084,2024-01-23 00:53:50,2024-01-23 06:23:00,2024-01-24 00:54:06,Tuesday,6
256,b,1,0,387.68275275612586,387.68275275612586,2.934926543772349,0.041,0.21117378764648517,0.0,1.59476538215636,1.8469391698028452,387.93492654377235,389.5296919259287,2024-01-24 10:23:09,2024-01-24 16:26:17,2024-01-26 06:42:45,Wednesday,16
256,f,2,0,387.68275275612586,389.5296919259287,4.542654101919766,0.0,0.012962175991075893,0.0,0.07349652130233704,0.08645869729341293,389.54265410191977,389.6161506232221,2024-01-24 10:23:09,2024-01-26 07:01:25,2024-01-26 08:47:15,Friday,7
256,e,3,0,387.68275275612586,389.61615062322215,5.003069642355342,0.041,0.34591901913317075,2.4969303576446578,1.6640717234751128,4.547921100252942,392.5,394.1640717234751,2024-01-24 10:23:09,2024-01-29 06:00:00,2024-01-30 21:56:15,Monday,6
256,c,4,0,387.68275275612586,394.1640717234751,2.4043733715827216,0.041,0.19930164810760953,0.09562662841727843,3.6417907327172516,3.9777190092421395,394.5,398.14179073271725,2024-01-24 10:23:09,2024-01-31 06:00:00,2024-02-03 21:24:10,Wednesday,6
256,d,5,0,387.68275275612586,398.14179073271725,6.27399891963006,0.082,0.05020818691281742,1.2260010803699402,1.6438891281809134,3.002098395463671,399.5,401.1438891281809,2024-01-24 10:23:09,2024-02-05 06:00:00,2024-02-06 21:27:12,Monday,6
256,f,6,0,387.68275275612586,401.14388912818094,2.147733908684927,0.0,0.0038447805039987302,0.352266091315073,5.608582940764133,5.964693812583205,401.5,407.1085829407641,2024-01-24 10:23:09,2024-02-07 06:00:00,2024-02-12 20:36:21,Wednesday,6
256,d,7,0,387.68275275612586,407.10858294076417,1.3000116590800985,0.082,0.10942871831591201,0.19998834091990147,6.883951901402914,7.275368960638727,407.5,414.3839519014029,2024-01-24 10:23:09,2024-02-13 06:00:00,2024-02-20 03:12:53,Tuesday,6
256,c,8,0,387.68275275612586,414.3839519014029,1.5672052456561119,0.082,0.1012533442532003,0.0,9.129693214584965,9.312946558838165,414.5672052456561,423.6968984602411,2024-01-24 10:23:09,2024-02-20 07:36:46,2024-03-01 10:43:32,Tuesday,7
257,d,1,0,388.3519219313103,388.3519219313103,3.432301741290246,0.041,0.03937980997994777,0.0676982587097541,0.4393447846481993,0.5874228533379011,388.5,388.9393447846482,2024-01-25 02:26:46,2024-01-25 06:00:00,2024-01-25 16:32:39,Thursday,6
257,c,2,0,388.3519219313103,388.9393447846482,4.070415632348386,0.041,0.09007084770019451,0.42958436765161423,0.38639158436543963,0.9470467997172484,389.5,389.8863915843654,2024-01-25 02:26:46,2024-01-26 06:00:00,2024-01-26 15:16:24,Friday,6
257,c,3,0,388.3519219313103,389.88639158436547,5.028424365868091,0.0,0.1420327815026465,2.4715756341319093,0.15189073452539223,2.765499150159948,392.5,392.6518907345254,2024-01-25 02:26:46,2024-01-29 06:00:00,2024-01-29 09:38:43,Monday,6
257,f,4,0,388.3519219313103,392.6518907345254,0.7636036904332855,0.082,0.029712955907896545,0.0,0.8609504664816965,0.972663422389593,392.7636036904333,393.624554156915,2024-01-25 02:26:46,2024-01-29 12:19:35,2024-01-30 08:59:21,Monday,12
257,f,5,0,388.3519219313103,393.624554156915,1.6675207400888326,0.041,0.001966583173809934,0.0,0.9627251750191943,1.0056917581930043,393.6675207400888,394.630245915108,2024-01-25 02:26:46,2024-01-30 10:01:13,2024-01-31 09:07:33,Tuesday,10
257,f,6,0,388.3519219313103,394.630245915108,3.2987365659936927,0.123,0.5454906508856893,0.2012634340063073,0.20738487143651074,1.0771389563285072,395.5,395.7073848714365,2024-01-25 02:26:46,2024-02-01 06:00:00,2024-02-01 10:58:38,Thursday,6
257,e,7,0,388.3519219313103,395.7073848714365,3.9469530945081033,0.082,0.15756822307162516,0.0,0.5054212009086614,0.7449894239802866,395.9469530945081,396.45237429541675,2024-01-25 02:26:46,2024-02-01 16:43:36,2024-02-02 04:51:25,Thursday,16
257,f,8,0,388.3519219313103,396.4523742954168,4.549927393072267,0.082,0.015553097655441281,0.0,4.510563588051896,4.608116685707338,396.5499273930722,401.06049098112413,2024-01-25 02:26:46,2024-02-02 07:11:53,2024-02-06 19:27:06,Friday,7
257,f,9,0,388.3519219313103,401.06049098112413,2.1729400844384372,0.041,0.0714491033143289,0.3270599155615628,0.24883737464969308,0.6883463935255847,401.5,401.74883737464967,2024-01-25 02:26:46,2024-02-07 06:00:00,2024-02-07 11:58:19,Wednesday,6
257,e,10,0,388.3519219313103,401.7488373746497,2.9305591926842567,0.123,0.05872181803455792,0.0,1.36748303054392,1.549204848578478,401.93055919268426,403.29804222322815,2024-01-25 02:26:46,2024-02-07 16:20:00,2024-02-09 01:09:10,Wednesday,16
257,f,11,0,388.3519219313103,403.2980422232282,4.486682942837376,0.082,0.10664071960915843,0.013317057162623769,3.4799223924385796,3.6818801692103618,403.5,406.9799223924386,2024-01-25 02:26:46,2024-02-09 06:00:00,2024-02-12 17:31:05,Friday,6
257,b,12,0,388.3519219313103,406.9799223924386,1.0482492912530006,0.041,0.027326898814384215,0.4517507087469994,0.14593076477145722,0.6660083723328409,407.5,407.64593076477144,2024-01-25 02:26:46,2024-02-13 06:00:00,2024-02-13 09:30:08,Tuesday,6
257,f,13,0,388.3519219313103,407.64593076477144,1.809227576306398,0.082,0.0812968115349704,0.0,2.54510455175741,2.70840136329238,407.8092275763064,410.3543321280638,2024-01-25 02:26:46,2024-02-13 13:25:17,2024-02-16 02:30:14,Tuesday,13
257,f,14,0,388.3519219313103,410.3543321280638,4.488807787260441,0.041,0.09347565919663317,0.011192212739558727,2.0644284414720206,2.2100963134082123,410.5,412.56442844147205,2024-01-25 02:26:46,2024-02-16 06:00:00,2024-02-18 07:32:46,Friday,6
257,b,15,0,388.3519219313103,412.564428441472,6.694650880029712,0.123,0.007222438557727826,0.8053491199702876,0.8543159469872129,1.7898875055152283,413.5,414.3543159469872,2024-01-25 02:26:46,2024-02-19 06:00:00,2024-02-20 02:30:12,Monday,6
257,e,16,0,388.3519219313103,414.35431594698724,1.4495453425737423,0.0,0.09522939558651944,0.050454657426257654,4.40735614680544,4.553040199818217,414.5,418.90735614680545,2024-01-25 02:26:46,2024-02-20 06:00:00,2024-02-24 15:46:35,Tuesday,6
257,d,17,0,388.3519219313103,418.90735614680545,6.084695392826461,0.041,0.13633924602099876,1.415304607173539,0.6226033933462197,2.2152472465407573,420.5,421.1226033933462,2024-01-25 02:26:46,2024-02-27 06:00:00,2024-02-27 20:56:32,Tuesday,6
257,b,18,0,388.3519219313103,421.1226033933462,1.3151748508076366,0.082,0.11057145746142655,0.18482514919236337,1.6114754606815702,1.9888720673353601,421.5,423.11147546068156,2024-01-25 02:26:46,2024-02-28 06:00:00,2024-02-29 20:40:31,Wednesday,6
257,d,19,0,388.3519219313103,423.11147546068156,3.3629145446065536,0.082,0.16943908392498122,0.1370854553934464,0.35230616559328337,0.740830704911711,423.5,423.8523061655933,2024-01-25 02:26:46,2024-03-01 06:00:00,2024-03-01 14:27:19,Friday,6
257,e,20,0,388.3519219313103,423.8523061655933,4.028430921058316,0.082,0.09412475546503297,0.471569078941684,1.2718413945470368,1.9195352289537537,424.5,425.77184139454704,2024-01-25 02:26:46,2024-03-02 06:00:00,2024-03-03 12:31:27,Saturday,6
257,f,21,0,388.3519219313103,425.77184139454704,5.9928171495487845,0.0,0.22097575500174998,1.5071828504512155,0.48932103633992047,2.217479641792886,427.5,427.9893210363399,2024-01-25 02:26:46,2024-03-05 06:00:00,2024-03-05 17:44:37,Tuesday,6
257,b,22,0,388.3519219313103,427.9893210363399,1.0948288920247933,0.041,0.06450785568486773,0.4051711079752067,0.12981701259795073,0.6404959762580252,428.5,428.6298170125979,2024-01-25 02:26:46,2024-03-06 06:00:00,2024-03-06 09:06:56,Wednesday,6
257,f,23,0,388.3519219313103,428.6298170125979,1.6652684477541015,0.0,0.03545143515620354,0.0,1.8415362687612356,1.8769877039174392,428.6652684477541,430.5068047165153,2024-01-25 02:26:46,2024-03-06 09:57:59,2024-03-08 06:09:47,Wednesday,9
257,d,24,0,388.3519219313103,430.5068047165154,3.6098272049375737,0.082,0.02102248842221002,0.0,0.00390143678245511,0.10692392520466514,430.6098272049376,430.61372864172,2024-01-25 02:26:46,2024-03-08 08:38:09,2024-03-08 08:43:46,Friday,8
257,f,25,0,388.3519219313103,430.61372864172006,3.715676203161081,0.082,0.01994756144104788,0.0,5.671613794285867,5.773561355726915,430.7156762031611,436.38728999744694,2024-01-25 02:26:46,2024-03-08 11:10:34,2024-03-14 03:17:41,Friday,11
257,b,26,0,388.3519219313103,436.387289997447,2.430181412690672,0.041,0.00189141524365236,0.069818587309328,1.0416405514726774,1.1543505540256578,436.5,437.54164055147265,2024-01-25 02:26:46,2024-03-14 06:00:00,2024-03-15 06:59:57,Thursday,6
257,b,27,0,388.3519219313103,437.54164055147265,3.7808314322606975,0.082,0.15719088078804083,0.0,1.058753455886478,1.2979443366745187,437.7808314322607,438.83958488814716,2024-01-25 02:26:46,2024-03-15 12:44:23,2024-03-16 14:09:00,Friday,12
257,d,28,0,388.3519219313103,438.83958488814716,4.9563616499934255,0.082,0.034776761846241504,0.0,0.6452354033651169,0.7620121652113584,438.95636164999337,439.6015970533585,2024-01-25 02:26:46,2024-03-16 16:57:09,2024-03-17 08:26:17,Saturday,16
257,c,29,0,388.3519219313103,439.6015970533585,5.813605926392881,0.041,0.17100887303437684,1.6863940736071186,2.165950291300622,4.064353237942117,441.5,443.66595029130065,2024-01-25 02:26:46,2024-03-19 06:00:00,2024-03-21 09:58:58,Tuesday,6
257,b,30,0,388.3519219313103,443.6659502913006,3.0056499358780684,0.082,0.2576996445775043,0.4943500641219316,0.43512655716755755,1.2691762658669936,444.5,444.93512655716756,2024-01-25 02:26:46,2024-03-22 06:00:00,2024-03-22 16:26:34,Friday,6
257,d,31,0,388.3519219313103,444.93512655716756,4.193620760165629,0.082,0.17649420299808985,0.30637923983437076,3.758165443527699,4.32303888636016,445.5,449.2581654435277,2024-01-25 02:26:46,2024-03-23 06:00:00,2024-03-27 00:11:45,Saturday,6
258,e,1,0,389.66060791764875,389.66060791764875,4.752282624226382,0.082,0.009674706577647529,0.0,0.6545774417312638,0.7462521483089113,389.7522826242264,390.40686006595763,2024-01-26 09:51:16,2024-01-26 12:03:17,2024-01-27 03:45:52,Friday,12
258,b,2,0,389.66060791764875,390.40686006595763,5.4502511071306685,0.0,0.04339104117306596,2.0497488928693315,0.16586479746516097,2.2590047315075585,392.5,392.66586479746513,2024-01-26 09:51:16,2024-01-29 06:00:00,2024-01-29 09:58:50,Monday,6
258,f,3,0,389.66060791764875,392.6658647974652,0.9662816749943772,0.082,0.2184168775291696,0.0,1.5865470721363575,1.886963949665527,392.9662816749944,394.5528287471307,2024-01-26 09:51:16,2024-01-29 17:11:26,2024-01-31 07:16:04,Monday,17
258,f,4,0,389.66060791764875,394.5528287471307,2.8296823840423713,0.123,0.1538536369116502,0.0,0.5881726192638428,0.865026256175493,394.82968238404237,395.4178550033062,2024-01-26 09:51:16,2024-01-31 13:54:44,2024-02-01 04:01:42,Wednesday,13
259,e,1,0,390.9160852011226,390.9160852011226,6.081494241044027,0.082,0.08340903992143994,1.4185057589559733,1.1066292276766552,2.6905440265540683,392.5,393.60662922767665,2024-01-27 15:59:09,2024-01-29 06:00:00,2024-01-30 08:33:32,Monday,6
259,e,2,0,390.9160852011226,393.60662922767665,1.777981204185437,0.123,0.0483519765087804,0.0,0.3673757247948007,0.538727701303581,393.77798120418544,394.1453569289802,2024-01-27 15:59:09,2024-01-30 12:40:17,2024-01-30 21:29:18,Tuesday,12
259,c,3,0,390.9160852011226,394.1453569289802,2.2182615990508907,0.041,0.031904670070696355,0.2817384009491093,3.1150167137013955,3.469659784721201,394.5,397.6150167137014,2024-01-27 15:59:09,2024-01-31 06:00:00,2024-02-03 08:45:37,Wednesday,6
259,e,4,0,390.9160852011226,397.61501671370144,5.76810301258854,0.123,0.030086298887131786,1.73189698741146,1.2808160659169738,3.165799352215566,399.5,400.78081606591695,2024-01-27 15:59:09,2024-02-05 06:00:00,2024-02-06 12:44:22,Monday,6
259,d,5,0,390.9160852011226,400.780816065917,2.003228449084304,0.082,0.14041238316726723,0.496771550915696,4.522998304999029,5.242182239081992,401.49999999999994,406.02299830499896,2024-01-27 15:59:09,2024-02-07 05:59:59,2024-02-11 18:33:07,Wednesday,5
259,c,6,0,390.9160852011226,406.022998304999,0.1878618598826165,0.041,0.12386355488360168,0.3121381401173835,3.5589863962669743,4.03598809126796,406.5,410.05898639626696,2024-01-27 15:59:09,2024-02-12 06:00:00,2024-02-15 19:24:56,Monday,6
259,d,7,0,390.9160852011226,410.05898639626696,4.167009392201862,0.082,0.02602299593492413,0.3329906077981377,9.573892561377306,10.014906165110368,410.5,420.0738925613773,2024-01-27 15:59:09,2024-02-16 06:00:00,2024-02-26 19:46:24,Friday,6
259,f,8,0,390.9160852011226,420.0738925613773,0.23457981818091866,0.041,0.11968725680363637,0.26542018181908134,0.7076318581745232,1.1337392967972408,420.5,421.2076318581745,2024-01-27 15:59:09,2024-02-27 06:00:00,2024-02-27 22:58:59,Tuesday,6
259,e,9,0,390.9160852011226,421.2076318581745,1.3237258755467565,0.082,0.034094017372212584,0.17627412445324353,0.054954334844863825,0.34732247667031996,421.5,421.55495433484487,2024-01-27 15:59:09,2024-02-28 06:00:00,2024-02-28 07:19:08,Wednesday,6
260,c,1,0,391.08207180079756,391.08207180079756,6.236622552109907,0.041,0.11355075131236395,1.2633774478900932,1.2547702190715673,2.6726984182740243,392.5,393.7547702190716,2024-01-27 19:58:11,2024-01-29 06:00:00,2024-01-30 12:06:52,Monday,6
261,b,1,0,391.42373061814743,391.42373061814743,6.618349313348915,0.082,0.11261869520147338,0.8816506866510849,0.8246018155379682,1.9008711973905266,392.5,393.32460181553796,2024-01-28 04:10:10,2024-01-29 06:00:00,2024-01-30 01:47:25,Monday,6
261,e,2,0,391.42373061814743,393.32460181553796,1.3528247090509922,0.0,0.02822289351301732,0.14717529094900783,1.2293147348281952,1.4047129192902204,393.5,394.7293147348282,2024-01-28 04:10:10,2024-01-30 06:00:00,2024-01-31 11:30:12,Tuesday,6
261,f,3,0,391.42373061814743,394.72931473482817,2.8453074764131543,0.041,0.07499274158501576,0.0,0.3381545298975325,0.45414727148254824,394.84530747641315,395.18346200631066,2024-01-28 04:10:10,2024-01-31 14:17:14,2024-01-31 22:24:11,Wednesday,14
261,f,4,0,391.42373061814743,395.1834620063107,3.2002604492449223,0.0,0.016798442934203895,0.29973955075507774,0.21148816427469053,0.5280261579639722,395.5,395.71148816427467,2024-01-28 04:10:10,2024-02-01 06:00:00,2024-02-01 11:04:32,Thursday,6
262,c,1,0,393.32023576898814,393.32023576898814,1.4718622430925734,0.041,0.11062647410442952,0.028137756907426592,2.6527625553540255,2.8325267863658814,393.5,396.152762555354,2024-01-30 01:41:08,2024-01-30 06:00:00,2024-02-01 21:39:58,Tuesday,6
262,f,2,0,393.32023576898814,396.152762555354,4.299302216235674,0.082,0.06453966088164836,0.20069778376432623,0.011383740436902387,0.358621185082877,396.49999999999994,396.5113837404368,2024-01-30 01:41:08,2024-02-02 05:59:59,2024-02-02 06:16:23,Friday,5
262,b,3,0,393.32023576898814,396.5113837404369,4.782632455499538,0.082,0.18924871506267807,0.0,3.9402569075598914,4.211505622622569,396.78263245549954,400.72288936305944,2024-01-30 01:41:08,2024-02-02 12:46:59,2024-02-06 11:20:57,Friday,12
262,c,4,0,393.32023576898814,400.72288936305944,1.8558821858076726,0.041,0.0919928227482185,0.0,5.803380771580449,5.936373594328668,400.8558821858077,406.65926295738814,2024-01-30 01:41:08,2024-02-06 14:32:28,2024-02-12 09:49:20,Tuesday,14
262,c,5,0,393.32023576898814,406.6592629573881,0.7111149920376079,0.0,0.05185203464951538,0.0,1.1664394506408295,1.218291485290345,406.7111149920376,407.87755444267844,2024-01-30 01:41:08,2024-02-12 11:04:00,2024-02-13 15:03:40,Monday,11
262,e,6,0,393.32023576898814,407.87755444267844,2.2200900254410953,0.041,0.301535582762636,0.27990997455890465,15.940021419125344,16.562466976446885,408.5,424.44002141912534,2024-01-30 01:41:08,2024-02-14 06:00:00,2024-03-02 04:33:37,Wednesday,6
262,f,7,0,393.32023576898814,424.44002141912534,4.556882890028362,0.082,0.03486147090300278,0.0,0.2591047887778954,0.37596625968089814,424.55688289002836,424.81598767880627,2024-01-30 01:41:08,2024-03-02 07:21:54,2024-03-02 13:35:01,Saturday,7
262,d,8,0,393.32023576898814,424.81598767880627,5.050198781593281,0.123,0.11121110278701413,2.4498012184067193,13.07962688397538,15.763639205169113,427.5,440.5796268839754,2024-01-30 01:41:08,2024-03-05 06:00:00,2024-03-18 07:54:39,Tuesday,6
262,c,9,0,393.32023576898814,440.5796268839754,6.7217968538310515,0.0,0.14216996985566333,0.7782031461689485,4.389841518344179,5.310214634368791,441.5,445.88984151834416,2024-01-30 01:41:08,2024-03-19 06:00:00,2024-03-23 15:21:22,Tuesday,6
262,f,10,0,393.32023576898814,445.88984151834416,5.041878586372206,0.082,0.07003706802806076,2.4581214136277936,0.0031742576134938844,2.6133327392693486,448.5,448.50317425761347,2024-01-30 01:41:08,2024-03-26 06:00:00,2024-03-26 06:04:34,Tuesday,6
262,d,11,0,393.32023576898814,448.5031742576135,0.6214819204653281,0.082,0.03630766285178899,0.0,2.611688376142143,2.7299960389939324,448.6214819204653,451.23317029660745,2024-01-30 01:41:08,2024-03-26 08:54:56,2024-03-28 23:35:45,Tuesday,8
262,d,12,0,393.32023576898814,451.23317029660745,3.3196489527308017,0.041,0.045478656123338804,0.18035104726919826,6.769544309232836,7.036374012625373,451.5,458.26954430923286,2024-01-30 01:41:08,2024-03-29 06:00:00,2024-04-05 00:28:08,Friday,6
262,f,13,0,393.32023576898814,458.26954430923286,3.4335498068607535,0.123,0.04100549762792076,0.0664501931392465,0.9678196945131899,1.1982753852803572,458.5,459.4678196945132,2024-01-30 01:41:08,2024-04-05 06:00:00,2024-04-06 05:13:39,Friday,6
262,c,14,0,393.32023576898814,459.4678196945132,4.5816085405195395,0.041,0.07278884600636935,0.0,0.6229911498165361,0.7367799958229055,459.58160854051954,460.20459969033607,2024-01-30 01:41:08,2024-04-06 07:57:30,2024-04-06 22:54:37,Saturday,7
262,f,15,0,393.32023576898814,460.2045996903361,5.3443126506170415,0.082,0.05771296028089941,2.1556873493829585,0.2674303986057569,2.562830708269615,462.5,462.76743039860577,2024-01-30 01:41:08,2024-04-09 06:00:00,2024-04-09 12:25:05,Tuesday,6
262,d,16,0,393.32023576898814,462.7674303986057,1.039148698025599,0.123,0.14871829941988907,0.46085130197440094,0.9031466886600742,1.635716290054364,463.5,464.40314668866006,2024-01-30 01:41:08,2024-04-10 06:00:00,2024-04-11 03:40:31,Wednesday,6
262,d,17,0,393.32023576898814,464.40314668866006,2.5833298114335435,0.082,0.0981831227734957,0.0,0.020999587821904434,0.2011827105954001,464.58332981143354,464.60432939925545,2024-01-30 01:41:08,2024-04-11 07:59:59,2024-04-11 08:30:14,Thursday,7
262,c,18,0,393.32023576898814,464.60432939925545,2.82909138991414,0.041,0.18376199065866872,0.0,5.131768559394022,5.356530550052691,464.82909138991414,469.96085994930814,2024-01-30 01:41:08,2024-04-11 13:53:53,2024-04-16 17:03:38,Thursday,13
262,e,19,0,393.32023576898814,469.96085994930814,1.0663759646354265,0.041,0.06451601532730016,0.4336240353645735,1.0547553005043484,1.5938953511962222,470.5,471.5547553005043,2024-01-30 01:41:08,2024-04-17 06:00:00,2024-04-18 07:18:50,Wednesday,6
262,d,20,0,393.32023576898814,471.5547553005044,2.7735054611687247,0.082,0.13675016066435844,0.0,0.15121953021960757,0.36996969088396603,471.7735054611687,471.92472499138836,2024-01-30 01:41:08,2024-04-18 12:33:50,2024-04-18 16:11:36,Thursday,12
262,d,21,0,393.32023576898814,471.92472499138836,3.0156669782270455,0.082,0.008941986838698752,0.48433302177295445,1.1575615102127643,1.7328365188244175,472.5,473.65756151021276,2024-01-30 01:41:08,2024-04-19 06:00:00,2024-04-20 09:46:53,Friday,6
262,d,22,0,393.32023576898814,473.65756151021276,4.815354340908073,0.082,0.0757928306953044,0.0,0.36506522124912966,0.5228580519444341,473.8153543409081,474.1804195621572,2024-01-30 01:41:08,2024-04-20 13:34:06,2024-04-20 22:19:48,Saturday,13
262,d,23,0,393.32023576898814,474.18041956215717,5.268260906830278,0.082,0.005841344673135737,2.231739093169722,0.194200736718291,2.513781174561149,476.5,476.6942007367183,2024-01-30 01:41:08,2024-04-23 06:00:00,2024-04-23 10:39:38,Tuesday,6
262,b,24,0,393.32023576898814,476.6942007367183,0.7662300921382439,0.041,0.031029355419956807,0.0,3.1442271894643534,3.21625654488431,476.76623009213824,479.9104572816026,2024-01-30 01:41:08,2024-04-23 12:23:22,2024-04-26 15:51:03,Tuesday,12
263,c,1,0,396.1725232666413,396.1725232666413,4.3358530625075105,0.082,0.08132979586621947,0.16414693749248954,0.18147079914571945,0.5089475325044285,396.5,396.6814707991457,2024-02-01 22:08:26,2024-02-02 06:00:00,2024-02-02 10:21:19,Friday,6
264,f,1,0,396.26245201435404,396.26245201435404,4.610649623375821,0.082,0.26619760902175627,0.0,1.3404895173271296,1.6886871263488858,396.61064962337576,397.9511391407029,2024-02-02 00:17:55,2024-02-02 08:39:20,2024-02-03 16:49:38,Friday,8
264,e,2,0,396.26245201435404,397.95113914070294,6.151785963772284,0.123,0.07764682306935661,1.3482140362277164,3.0662556840694446,4.6151165433665176,399.5,402.56625568406946,2024-02-02 00:17:55,2024-02-05 06:00:00,2024-02-08 07:35:24,Monday,6
264,e,3,0,396.26245201435404,402.56625568406946,3.6082007473759177,0.041,0.0009450633064306809,0.0,1.1430417553374888,1.1849868186439194,402.60820074737586,403.75124250271335,2024-02-02 00:17:55,2024-02-08 08:35:48,2024-02-09 12:01:47,Thursday,8
265,e,1,0,406.1393686493033,406.1393686493033,0.25414351824571213,0.041,0.07377486894240326,0.24585648175428787,0.013657261157199802,0.37428861185389095,406.5,406.5136572611572,2024-02-11 21:20:41,2024-02-12 06:00:00,2024-02-12 06:19:39,Monday,6
265,d,2,0,406.1393686493033,406.5136572611572,0.5543381473371483,0.0,0.04068088617990632,0.0,0.14407328569404046,0.18475417187394677,406.55433814733715,406.6984114330312,2024-02-11 21:20:41,2024-02-12 07:18:14,2024-02-12 10:45:42,Monday,7
265,c,3,0,406.1393686493033,406.69841143303114,0.7515265851986328,0.041,0.0121151521674789,0.0,2.1874988550460035,2.2406140072134826,406.75152658519863,408.9390254402446,2024-02-11 21:20:41,2024-02-12 12:02:11,2024-02-14 16:32:11,Monday,12
265,b,4,0,406.1393686493033,408.9390254402446,3.073488413634095,0.0,0.13446297338948207,0.4265115863659048,3.559955293637561,4.120929853392948,409.5,413.0599552936376,2024-02-11 21:20:41,2024-02-15 06:00:00,2024-02-18 19:26:20,Thursday,6
265,c,5,0,406.1393686493033,413.0599552936376,0.16916605907618987,0.082,0.027210765438611784,0.33083394092381013,0.17889177551388638,0.6189364818763083,413.5,413.6788917755139,2024-02-11 21:20:41,2024-02-19 06:00:00,2024-02-19 10:17:36,Monday,6
265,d,6,0,406.1393686493033,413.6788917755139,0.7591624624895985,0.041,0.03927068697570201,0.0,1.4537550430931,1.534025730068802,413.7591624624896,415.2129175055827,2024-02-11 21:20:41,2024-02-19 12:13:11,2024-02-20 23:06:36,Monday,12
266,b,1,0,409.0896516036627,409.0896516036627,3.435594488188997,0.041,0.30494288452635043,0.06440551181100318,2.2172078062188625,2.627556202556216,409.5,411.7172078062189,2024-02-14 20:09:05,2024-02-15 06:00:00,2024-02-17 11:12:46,Thursday,6
266,f,2,0,409.0896516036627,411.7172078062189,5.919776594115717,0.082,0.12056878789682351,1.5802234058842828,0.025597968511228097,1.8083901622923346,413.5,413.52559796851125,2024-02-14 20:09:05,2024-02-19 06:00:00,2024-02-19 06:36:51,Monday,6
266,d,3,0,409.0896516036627,413.5255979685112,0.660345700217988,0.123,0.011747731706769769,0.0,1.8717137884865045,2.006461520193274,413.66034570021793,415.5320594887044,2024-02-14 20:09:05,2024-02-19 09:50:53,2024-02-21 06:46:09,Monday,9
266,b,4,0,409.0896516036627,415.5320594887045,2.6679088593458005,0.082,0.05384937064134129,0.0,0.3857438625006059,0.5215932331419472,415.6679088593458,416.0536527218464,2024-02-14 20:09:05,2024-02-21 10:01:47,2024-02-21 19:17:15,Wednesday,10
266,d,5,0,409.0896516036627,416.05365272184645,3.106438995162705,0.0,0.05278627331625166,0.39356100483729506,9.02646711175496,9.472814389908507,416.5,425.526467111755,2024-02-14 20:09:05,2024-02-22 06:00:00,2024-03-03 06:38:06,Thursday,6
266,d,6,0,409.0896516036627,425.526467111755,5.770102137591721,0.123,0.12063502583676487,1.7298978624082793,2.1403352361383003,4.113868124383345,427.5,429.6403352361383,2024-02-14 20:09:05,2024-03-05 06:00:00,2024-03-07 09:22:04,Tuesday,6
266,d,7,0,409.0896516036627,429.6403352361383,2.792445537585877,0.082,0.07011030144756142,0.0,2.5338968381143268,2.6860071395618883,429.7924455375859,432.3263423757002,2024-02-14 20:09:05,2024-03-07 13:01:07,2024-03-10 01:49:55,Thursday,13
266,d,8,0,409.0896516036627,432.32634237570016,5.387402425856749,0.0,0.06106005015656651,2.1125975741432512,4.031011535454849,6.204669159754666,434.5,438.53101153545487,2024-02-14 20:09:05,2024-03-12 06:00:00,2024-03-16 06:44:39,Tuesday,6
266,b,9,0,409.0896516036627,438.5310115354548,4.652026801113095,0.041,0.08001526565829509,0.0,1.1378884855295814,1.2589037511878765,438.6520268011131,439.78991528664267,2024-02-14 20:09:05,2024-03-16 09:38:55,2024-03-17 12:57:28,Saturday,9
266,e,10,0,409.0896516036627,439.78991528664267,6.006320167743581,0.082,0.1344048811009267,1.4936798322564186,2.087018493700317,3.7971032070576625,441.5,443.5870184937003,2024-02-14 20:09:05,2024-03-19 06:00:00,2024-03-21 08:05:18,Tuesday,6
266,c,11,0,409.0896516036627,443.5870184937003,2.6522263354724487,0.041,0.024207841772137344,0.0,0.43810872177845644,0.5033165635505938,443.65222633547245,444.0903350572509,2024-02-14 20:09:05,2024-03-21 09:39:12,2024-03-21 20:10:04,Thursday,9
266,d,12,0,409.0896516036627,444.0903350572509,3.1791572560183567,0.041,0.047822198767467745,0.32084274398164325,0.7732001386829505,1.1828650814320616,444.5,445.27320013868297,2024-02-14 20:09:05,2024-03-22 06:00:00,2024-03-23 00:33:24,Friday,6
266,f,13,0,409.0896516036627,445.27320013868297,4.275399609140607,0.0,0.002199470457613988,0.22460039085939343,0.36062517612680905,0.5874250374438165,445.5,445.8606251761268,2024-02-14 20:09:05,2024-03-23 06:00:00,2024-03-23 14:39:18,Saturday,6
266,c,14,0,409.0896516036627,445.8606251761268,5.0118480047131015,0.082,0.06922282858627832,2.4881519952868985,0.8165517827370419,3.4559266066102188,448.5,449.31655178273706,2024-02-14 20:09:05,2024-03-26 06:00:00,2024-03-27 01:35:50,Tuesday,6
266,e,15,0,409.0896516036627,449.316551782737,1.4818176852915599,0.082,0.08326590255456529,0.018182314708440117,1.125784557714095,1.3092327749771004,449.5,450.6257845577141,2024-02-14 20:09:05,2024-03-27 06:00:00,2024-03-28 09:01:07,Wednesday,6
266,c,16,0,409.0896516036627,450.6257845577141,2.891081805048259,0.041,0.2242972473341466,0.0,0.15107706976745444,0.41637431710160105,450.89108180504826,451.0421588748157,2024-02-14 20:09:05,2024-03-28 15:23:09,2024-03-28 19:00:42,Thursday,15
266,c,17,0,409.0896516036627,451.0421588748157,3.150856694133495,0.041,0.06769781931778339,0.3491433058665052,6.105354397090852,6.563195522275141,451.5,457.6053543970909,2024-02-14 20:09:05,2024-03-29 06:00:00,2024-04-04 08:31:42,Friday,6
266,d,18,0,409.0896516036627,457.6053543970908,2.8610153092561745,0.0,0.2556609121653782,0.0,0.6786781364619093,0.9343390486272876,457.8610153092562,458.53969344571806,2024-02-14 20:09:05,2024-04-04 14:39:51,2024-04-05 06:57:09,Thursday,14
266,f,19,0,409.0896516036627,458.5396934457181,3.6991415283441142,0.123,0.03644808262600351,0.0,0.10887181355435097,0.26831989618035446,458.6991415283441,458.80801334189846,2024-02-14 20:09:05,2024-04-05 10:46:45,2024-04-05 13:23:32,Friday,10
267,b,1,0,416.4127063318234,416.4127063318234,3.5956139187115923,0.082,0.10090758688820473,0.0,1.0704089993243298,1.2533165862125344,416.5956139187116,417.66602291803594,2024-02-22 03:54:17,2024-02-22 08:17:41,2024-02-23 09:59:04,Thursday,8
267,f,2,0,416.4127063318234,417.66602291803594,4.7619355816724465,0.082,0.013912663636512022,0.0,0.004368381203976488,0.10028104484048851,417.76193558167245,417.7663039628764,2024-02-22 03:54:17,2024-02-23 12:17:11,2024-02-23 12:23:28,Friday,12
267,d,3,0,416.4127063318234,417.7663039628764,4.855172960103118,0.082,0.006868997226707945,0.0,1.2970550414123279,1.385924038639036,417.8551729601031,419.1522280015154,2024-02-22 03:54:17,2024-02-23 14:31:26,2024-02-24 21:39:12,Friday,14
267,e,4,0,416.4127063318234,419.1522280015154,6.30145449886885,0.041,0.10822649735344164,1.19854550113115,5.218025812105973,6.565797810590564,420.5,425.71802581210596,2024-02-22 03:54:17,2024-02-27 06:00:00,2024-03-03 11:13:57,Tuesday,6
267,b,5,0,416.4127063318234,425.71802581210596,5.863287827025147,0.041,0.10426201491917647,1.6367121729748533,2.948066311263911,4.730040499157941,427.5,430.4480663112639,2024-02-22 03:54:17,2024-03-05 06:00:00,2024-03-08 04:45:12,Tuesday,6
267,f,6,0,416.4127063318234,430.4480663112639,3.6155270808401383,0.082,0.08546076957620762,0.0,2.0425172178366533,2.209977987412861,430.61552708084014,432.65804429867677,2024-02-22 03:54:17,2024-03-08 08:46:21,2024-03-10 09:47:35,Friday,8
267,e,7,0,416.4127063318234,432.65804429867677,5.806631278935356,0.041,0.10758698025860969,1.693368721064644,0.3415373886109124,2.1834930899341662,434.5,434.8415373886109,2024-02-22 03:54:17,2024-03-12 06:00:00,2024-03-12 14:11:48,Tuesday,6
267,e,8,0,416.4127063318234,434.84153738861096,0.9401977677981677,0.082,0.016660379187195148,0.0,0.4745620593782742,0.5732224385654694,434.94019776779817,435.41475982717645,2024-02-22 03:54:17,2024-03-12 16:33:53,2024-03-13 03:57:15,Tuesday,16
267,e,9,0,416.4127063318234,435.41475982717645,1.528166228617465,0.041,0.07240640144102418,0.0,2.2574766606014602,2.3708830620424846,435.52816622861747,437.78564288921893,2024-02-22 03:54:17,2024-03-13 06:40:33,2024-03-15 12:51:19,Wednesday,6
267,b,10,0,416.4127063318234,437.78564288921893,3.847685455048463,0.041,0.021042565829544724,0.0,10.23091428633381,10.292956852163355,437.84768545504846,448.0785997413823,2024-02-22 03:54:17,2024-03-15 14:20:40,2024-03-25 19:53:11,Friday,14
267,f,11,0,416.4127063318234,448.0785997413823,0.23925676171683108,0.041,0.11965702033453551,0.2607432382831689,1.7451070926613275,2.166507351279032,448.5,450.2451070926613,2024-02-22 03:54:17,2024-03-26 06:00:00,2024-03-27 23:52:57,Tuesday,6
267,d,12,0,416.4127063318234,450.2451070926613,2.363570571516675,0.041,0.07746347885535627,0.13642942848332495,1.073223049633667,1.3281159569723482,450.5,451.57322304963367,2024-02-22 03:54:17,2024-03-28 06:00:00,2024-03-29 07:45:26,Thursday,6
268,b,1,0,419.6393560118162,419.6393560118162,6.737690871233724,0.041,0.05733485941757445,0.762309128766276,3.527901143634723,4.3885451318185735,420.5,424.0279011436347,2024-02-25 09:20:40,2024-02-27 06:00:00,2024-03-01 18:40:10,Tuesday,6
268,d,2,0,419.6393560118162,424.0279011436347,4.0565242648057165,0.0,0.028623121170990452,0.4434757351942835,0.15534796974504217,0.6274468261103161,424.5,424.65534796974504,2024-02-25 09:20:40,2024-03-02 06:00:00,2024-03-02 09:43:42,Saturday,6
268,d,3,0,419.6393560118162,424.65534796974504,4.840191450439363,0.123,0.061843480694341806,0.0,7.169659770322242,7.354503251016584,424.84019145043936,432.0098512207616,2024-02-25 09:20:40,2024-03-02 14:09:52,2024-03-09 18:14:11,Saturday,14
268,f,4,0,419.6393560118162,432.0098512207616,5.221102669298148,0.082,0.12925144853651768,2.2788973307018523,0.1911347477028963,2.6812835269412663,434.5,434.6911347477029,2024-02-25 09:20:40,2024-03-12 06:00:00,2024-03-12 10:35:14,Tuesday,6
268,b,5,0,419.6393560118162,434.6911347477029,1.0470689403176152,0.041,0.31493419261472333,0.4529310596823848,2.0049378884254754,2.8138031407225834,435.5,437.5049378884255,2024-02-25 09:20:40,2024-03-13 06:00:00,2024-03-15 06:07:06,Wednesday,6
268,b,6,0,419.6393560118162,437.5049378884255,3.5929583961519143,0.041,0.047020507726421655,0.0,11.550075459042395,11.638095966768816,437.5929583961519,449.1430338551943,2024-02-25 09:20:40,2024-03-15 08:13:51,2024-03-26 21:25:58,Friday,8
268,c,7,0,419.6393560118162,449.1430338551943,1.3498589327556374,0.082,0.12482507756134682,0.1501410672443626,1.5004339074518507,1.8574000522575602,449.5,451.00043390745185,2024-02-25 09:20:40,2024-03-27 06:00:00,2024-03-28 18:00:37,Wednesday,6
268,d,8,0,419.6393560118162,451.00043390745185,3.0948544420250528,0.041,0.053420534573222794,0.4051455579749472,5.502354633266131,6.0019207258143,451.5,457.0023546332661,2024-02-25 09:20:40,2024-03-29 06:00:00,2024-04-03 18:03:23,Friday,6
268,f,9,0,419.6393560118162,457.0023546332661,2.093776423093516,0.041,0.05042178982740511,0.40622357690648414,0.36437218185963943,0.8620175485935286,457.5,457.86437218185966,2024-02-25 09:20:40,2024-04-04 06:00:00,2024-04-04 14:44:41,Thursday,6
268,f,10,0,419.6393560118162,457.86437218185966,3.0193672977661095,0.041,0.1139951159064666,0.48063270223389054,2.726011211607407,3.361639029747764,458.5,461.2260112116074,2024-02-25 09:20:40,2024-04-05 06:00:00,2024-04-07 23:25:27,Friday,6
268,b,11,0,419.6393560118162,461.22601121160744,6.228503751150527,0.0,0.002492539543108522,1.2714962488494734,8.159473234270733,9.433462022663315,462.5,470.6594732342707,2024-02-25 09:20:40,2024-04-09 06:00:00,2024-04-17 09:49:38,Tuesday,6
268,f,12,0,419.6393560118162,470.65947323427076,1.7178367706409858,0.041,0.017363536370201754,0.0,0.08684805672708211,0.14521159309728388,470.717836770641,470.8046848273681,2024-02-25 09:20:40,2024-04-17 11:13:41,2024-04-17 13:18:44,Wednesday,11
268,c,13,0,419.6393560118162,470.804684827368,1.920124387411306,0.082,0.03343956004330716,0.0,0.8243440234478393,0.9397835834911464,470.9201243874113,471.74446841085916,2024-02-25 09:20:40,2024-04-17 16:04:58,2024-04-18 11:52:02,Wednesday,16
268,b,14,0,419.6393560118162,471.74446841085916,2.827435753578129,0.082,0.0009673427189896937,0.0,3.714064160848862,3.7970315035678515,471.82743575357813,475.541499914427,2024-02-25 09:20:40,2024-04-18 13:51:30,2024-04-22 06:59:45,Thursday,13
268,f,15,0,419.6393560118162,475.541499914427,6.986999015406411,0.082,0.36349910097941834,0.5130009845935888,0.014999688359710224,0.9734997739327174,476.5,476.5149996883597,2024-02-25 09:20:40,2024-04-23 06:00:00,2024-04-23 06:21:35,Tuesday,6
268,c,16,0,419.6393560118162,476.5149996883597,0.7247663925163579,0.082,0.12776670415668356,0.0,1.5701922202727085,1.779958924429392,476.72476639251636,478.29495861278906,2024-02-25 09:20:40,2024-04-23 11:23:39,2024-04-25 01:04:44,Tuesday,11
268,f,17,0,419.6393560118162,478.29495861278906,2.409186672463079,0.041,0.07322805967400481,0.09081332753692095,0.27826454877160994,0.4833059359825357,478.5,478.77826454877163,2024-02-25 09:20:40,2024-04-25 06:00:00,2024-04-25 12:40:42,Thursday,6
268,f,18,0,419.6393560118162,478.7782645487716,2.781378832988935,0.0,0.0031142842173397987,0.0,0.2029350399966588,0.2060493242139986,478.78137883298893,478.9843138729856,2024-02-25 09:20:40,2024-04-25 12:45:11,2024-04-25 17:37:24,Thursday,12
268,f,19,0,419.6393560118162,478.9843138729856,3.270979185445242,0.123,0.16366531245966942,0.2290208145547581,1.041521476588031,1.5572076036024585,479.5,480.54152147658806,2024-02-25 09:20:40,2024-04-26 06:00:00,2024-04-27 06:59:47,Friday,6
268,f,20,0,419.6393560118162,480.54152147658806,4.72182571784009,0.123,0.057304241252043246,0.0,0.3051347958151625,0.48543903706720576,480.7218257178401,481.02696051365524,2024-02-25 09:20:40,2024-04-27 11:19:25,2024-04-27 18:38:49,Saturday,11
268,c,21,0,419.6393560118162,481.02696051365524,5.235674627418405,0.041,0.16771411376315115,2.2643253725815953,0.9456731353801315,3.418712621724878,483.5,484.4456731353801,2024-02-25 09:20:40,2024-04-30 06:00:00,2024-05-01 04:41:46,Tuesday,6
268,f,22,0,419.6393560118162,484.4456731353801,1.6251437973037923,0.082,0.09747066192367146,0.0,2.7549998126532125,2.9344704745768837,484.6251437973038,487.38014360995703,2024-02-25 09:20:40,2024-05-01 09:00:12,2024-05-04 03:07:24,Wednesday,9
268,f,23,0,419.6393560118162,487.380143609957,4.469984657670068,0.082,0.007841047713079884,0.030015342329932082,0.9395879872922002,1.059444377335212,487.5,488.4395879872922,2024-02-25 09:20:40,2024-05-04 06:00:00,2024-05-05 04:33:00,Saturday,6
269,e,1,0,420.51784349568425,420.51784349568425,0.6367373364495847,0.082,0.03689384076532185,0.0,0.7553957011524816,0.8742895419178034,420.6367373364496,421.3921330376021,2024-02-27 06:25:41,2024-02-27 09:16:54,2024-02-28 03:24:40,Tuesday,9
269,c,2,0,420.51784349568425,421.39213303760204,1.4570885269863538,0.0,0.06495548938431828,0.04291147301364617,0.06749251368765133,0.17535947608561578,421.5,421.5674925136876,2024-02-27 06:25:41,2024-02-28 06:00:00,2024-02-28 07:37:11,Wednesday,6
269,d,3,0,420.51784349568425,421.5674925136876,1.6714480100865785,0.082,0.021955496398925068,0.0,16.331184760206238,16.435140256605163,421.6714480100865,438.00263277029273,2024-02-27 06:25:41,2024-02-28 10:06:53,2024-03-15 18:03:47,Wednesday,10
269,c,4,0,420.51784349568425,438.0026327702928,4.280282731417174,0.082,0.19564996112438104,0.21971726858282636,2.740113881424482,3.2374811111316895,438.5,441.24011388142446,2024-02-27 06:25:41,2024-03-16 06:00:00,2024-03-18 23:45:45,Saturday,6
269,d,5,0,420.51784349568425,441.24011388142446,0.29514257189629234,0.041,0.014028690471826148,0.20485742810370766,2.614311455123652,2.8741975736991856,441.5,444.11431145512364,2024-02-27 06:25:41,2024-03-19 06:00:00,2024-03-21 20:44:36,Tuesday,6
269,e,6,0,420.51784349568425,444.11431145512364,3.198782651340423,0.082,0.0024711962167559436,0.30121734865957706,16.502052938251783,16.887741483128117,444.49999999999994,461.0020529382517,2024-02-27 06:25:41,2024-03-22 05:59:59,2024-04-07 18:02:57,Friday,5
269,e,7,0,420.51784349568425,461.0020529382518,6.055151849256163,0.041,0.012098911004411348,1.4448481507438373,0.21723951114156015,1.7151865728898088,462.5,462.71723951114154,2024-02-27 06:25:41,2024-04-09 06:00:00,2024-04-09 11:12:49,Tuesday,6
269,b,8,0,420.51784349568425,462.7172395111416,1.0759438593627237,0.041,0.3177043482211157,0.42405614063727626,0.0030823041184861607,0.7858427929768781,463.5,463.5030823041185,2024-02-27 06:25:41,2024-04-10 06:00:00,2024-04-10 06:04:26,Wednesday,6
269,b,9,0,420.51784349568425,463.5030823041185,1.7125347476056731,0.082,0.1274524434872018,0.0,2.4826874362557163,2.692139879742918,463.7125347476057,466.1952221838614,2024-02-27 06:25:41,2024-04-10 11:06:03,2024-04-12 22:41:07,Wednesday,11
269,c,10,0,420.51784349568425,466.1952221838614,4.333001929642251,0.041,0.09677974578085032,0.16699807035774938,11.568685433716169,11.873463249854769,466.5,478.06868543371615,2024-02-27 06:25:41,2024-04-13 06:00:00,2024-04-24 19:38:54,Saturday,6
269,d,11,0,420.51784349568425,478.06868543371615,2.16724021829873,0.082,0.016554784582594195,0.3327597817012702,4.089475885891252,4.520790452175117,478.5,482.58947588589126,2024-02-27 06:25:41,2024-04-25 06:00:00,2024-04-29 08:08:50,Thursday,6
269,f,12,0,420.51784349568425,482.58947588589126,6.760571714520097,0.082,0.08909582862881633,0.739428285479903,0.04047977008870128,0.9510038841974207,483.5,483.5404797700887,2024-02-27 06:25:41,2024-04-30 06:00:00,2024-04-30 06:58:17,Tuesday,6
269,b,13,0,420.51784349568425,483.54047977008867,0.7385464637934547,0.041,0.15706669370478407,0.0,0.6127172359295,0.810783929634284,483.73854646379345,484.35126369972295,2024-02-27 06:25:41,2024-04-30 11:43:30,2024-05-01 02:25:49,Tuesday,11
270,e,1,0,422.2867701679447,422.2867701679447,2.432712269481158,0.041,0.10494210153642125,0.06728773051884218,0.41898624214164343,0.6322160741969068,422.5,422.91898624214167,2024-02-29 00:52:56,2024-02-29 06:00:00,2024-02-29 16:03:20,Thursday,6
270,d,2,0,422.2867701679447,422.9189862421416,3.171188105227145,0.041,0.21120186308555314,0.3288118947728549,1.3890099559651443,1.9700237138235523,423.5,424.88900995596515,2024-02-29 00:52:56,2024-03-01 06:00:00,2024-03-02 15:20:10,Friday,6
270,e,3,0,422.2867701679447,424.88900995596515,5.009400687236109,0.041,0.07939073127096515,2.490599312763891,8.99200187597619,11.602991920011046,427.5,436.4920018759762,2024-02-29 00:52:56,2024-03-05 06:00:00,2024-03-14 05:48:28,Tuesday,6
270,b,4,0,422.2867701679447,436.4920018759762,2.843353872028274,0.0,0.35135199605208917,0.0,0.7462213804557153,1.0975733765078044,436.8433538720283,437.589575252484,2024-02-29 00:52:56,2024-03-14 14:14:25,2024-03-15 08:08:59,Thursday,14
270,f,5,0,422.2867701679447,437.589575252484,3.771842929995671,0.082,0.1002676775116776,0.0,9.563710642626885,9.745978320138564,437.77184292999567,447.33555357262253,2024-02-29 00:52:56,2024-03-15 12:31:27,2024-03-25 02:03:11,Friday,12
270,b,6,0,422.2867701679447,447.3355535726226,6.443815293832756,0.0,0.10826172121018235,1.0561847061672438,7.4625774054272025,8.627023832804628,448.5,455.9625774054272,2024-02-29 00:52:56,2024-03-26 06:00:00,2024-04-02 17:06:06,Tuesday,6
270,e,7,0,422.2867701679447,455.9625774054272,1.189316101031352,0.123,0.10373869560413516,0.310683898968648,2.0340024112595576,2.571425005832341,456.5,458.53400241125956,2024-02-29 00:52:56,2024-04-03 06:00:00,2024-04-05 06:48:57,Wednesday,6
270,b,8,0,422.2867701679447,458.53400241125956,3.720633719541354,0.082,0.10463130828181635,0.0,0.6263747407036598,0.8130060489854762,458.72063371954135,459.34700846024504,2024-02-29 00:52:56,2024-04-05 11:17:42,2024-04-06 02:19:41,Friday,11
270,e,9,0,422.2867701679447,459.34700846024504,4.674890352233888,0.041,0.2868818919888267,0.0,5.674943038965263,6.002824930954089,459.67489035223383,465.34983339119907,2024-02-29 00:52:56,2024-04-06 10:11:50,2024-04-12 02:23:45,Saturday,10
270,f,10,0,422.2867701679447,465.3498333911991,3.486199798812038,0.123,0.01336640761288323,0.013800201187962102,1.27667355994354,1.4268401687443852,465.49999999999994,466.7766735599435,2024-02-29 00:52:56,2024-04-12 05:59:59,2024-04-13 12:38:24,Friday,5
270,f,11,0,422.2867701679447,466.7766735599435,4.964817487783989,0.123,0.06514392784046835,0.0,2.1003856088137103,2.2885295366541785,466.964817487784,469.0652030965977,2024-02-29 00:52:56,2024-04-13 17:09:20,2024-04-15 19:33:53,Saturday,17
270,e,12,0,422.2867701679447,469.06520309659766,0.20745461055179248,0.082,0.06025151395410813,0.2925453894482075,6.897397503560588,7.332194406962904,469.49999999999994,476.3973975035605,2024-02-29 00:52:56,2024-04-16 05:59:59,2024-04-23 03:32:15,Tuesday,5
270,b,13,0,422.2867701679447,476.39739750356057,0.7100190139572646,0.0,0.31262151039671454,0.0,0.001017998039565023,0.3136395084362796,476.71001901395726,476.71103701199684,2024-02-29 00:52:56,2024-04-23 11:02:25,2024-04-23 11:03:53,Tuesday,11
270,e,14,0,422.2867701679447,476.71103701199684,0.803307593012164,0.082,0.0102705810152997,0.0,0.48620855562795057,0.5784791366432502,476.8033075930121,477.2895161486401,2024-02-29 00:52:56,2024-04-23 13:16:45,2024-04-24 00:56:54,Tuesday,13
270,e,15,0,422.2867701679447,477.2895161486401,1.4604600945301058,0.123,0.04794394589004996,0.039539905469894165,2.198714600214144,2.4091984515740883,477.5,479.69871460021415,2024-02-29 00:52:56,2024-04-24 06:00:00,2024-04-26 10:46:08,Wednesday,6
270,d,16,0,422.2867701679447,479.69871460021415,3.7074493663928934,0.0,0.008734766178747825,0.0,0.5707584556298878,0.5794932218086356,479.7074493663929,480.2782078220228,2024-02-29 00:52:56,2024-04-26 10:58:43,2024-04-27 00:40:37,Friday,10
270,d,17,0,422.2867701679447,480.2782078220228,4.421162147680036,0.041,0.10195432565724945,0.07883785231996399,0.329716442336301,0.5515086203135144,480.5,480.8297164423363,2024-02-29 00:52:56,2024-04-27 06:00:00,2024-04-27 13:54:47,Saturday,6
270,c,18,0,422.2867701679447,480.82971644233635,4.958316322839096,0.123,0.005599880502726688,0.0,6.63659135984131,6.765191240344037,480.95831632283904,487.59490768268034,2024-02-29 00:52:56,2024-04-27 16:59:58,2024-05-04 08:16:40,Saturday,16
270,e,19,0,422.2867701679447,487.5949076826804,4.639714906026768,0.041,0.0038072233463530684,0.0,0.7980098220605283,0.8428170454068814,487.63971490602677,488.4377247280873,2024-02-29 00:52:56,2024-05-04 09:21:11,2024-05-05 04:30:19,Saturday,9
270,c,20,0,422.2867701679447,488.4377247280873,5.611480143405629,0.082,0.09175541531831483,1.888519856594371,11.019424371694361,13.081699643607047,490.49999999999994,501.5194243716943,2024-02-29 00:52:56,2024-05-07 05:59:59,2024-05-18 06:27:58,Tuesday,5
270,d,21,0,422.2867701679447,501.51942437169436,4.5335373655557305,0.0,0.01411299386136377,0.0,2.526238950193881,2.540351944055245,501.53353736555573,504.0597763157496,2024-02-29 00:52:56,2024-05-18 06:48:17,2024-05-20 19:26:04,Saturday,6
270,f,22,0,422.2867701679447,504.0597763157496,0.19872321992363595,0.041,0.09794690417403246,0.30127678007636405,7.675199530596599,8.115423214846995,504.5,512.1751995305966,2024-02-29 00:52:56,2024-05-21 06:00:00,2024-05-28 22:12:17,Tuesday,6
270,b,23,0,422.2867701679447,512.1751995305966,1.2377494341811826,0.041,0.021549903584585015,0.26225056581881745,1.338101524973419,1.6629019943768215,512.5000000000001,513.8381015249736,2024-02-29 00:52:56,2024-05-29 06:00:00,2024-05-30 14:06:51,Wednesday,6
270,c,24,0,422.2867701679447,513.8381015249735,2.9052415223320622,0.041,0.026139997358562834,0.0,0.05992752226083917,0.127067519619402,513.9052415223321,513.9651690445929,2024-02-29 00:52:56,2024-05-30 15:43:32,2024-05-30 17:09:50,Thursday,15
270,b,25,0,422.2867701679447,513.9651690445928,3.0774462372418157,0.082,0.030277192648979226,0.42255376275818435,1.098770530950293,1.6336014863574566,514.5,515.5987705309503,2024-02-29 00:52:56,2024-05-31 06:00:00,2024-06-01 08:22:13,Friday,6
270,f,26,0,422.2867701679447,515.5987705309502,4.843910631194717,0.082,0.1631401002445383,0.0,1.2052112413730085,1.4503513416175469,515.8439106311947,517.0491218725678,2024-02-29 00:52:56,2024-06-01 14:15:13,2024-06-02 19:10:44,Saturday,14
270,f,27,0,422.2867701679447,517.0491218725678,6.225260099703291,0.082,0.09413822713552969,1.2747399002967086,1.2840362009899748,2.734914328422213,518.5,519.7840362009899,2024-02-29 00:52:56,2024-06-04 06:00:00,2024-06-05 12:49:00,Tuesday,6
270,e,28,0,422.2867701679447,519.7840362009899,2.2500121646595517,0.041,0.42497596366967666,0.24998783534044833,0.038758011995075344,0.7547218110052003,520.5000000000001,520.5387580119952,2024-02-29 00:52:56,2024-06-06 06:00:00,2024-06-06 06:55:48,Thursday,6
270,f,29,0,422.2867701679447,520.5387580119951,2.6454071862681303,0.041,0.06564917427296604,0.0,1.0589210314839388,1.1655702057569048,520.6454071862681,521.704328217752,2024-02-29 00:52:56,2024-06-06 09:29:23,2024-06-07 10:54:13,Thursday,9
271,e,1,0,422.4351673777319,422.4351673777319,2.582156547034913,0.123,0.023989169303030244,0.0,2.5272654335673495,2.6742546028703797,422.5821565470349,425.10942198060224,2024-02-29 04:26:38,2024-02-29 07:58:18,2024-03-02 20:37:34,Thursday,7
271,b,2,0,422.4351673777319,425.1094219806023,5.2141340917006005,0.041,0.06371211109828295,2.2858659082993995,0.1373206120388269,2.5278986314365097,427.49999999999994,427.63732061203876,2024-02-29 04:26:38,2024-03-05 05:59:59,2024-03-05 09:17:44,Tuesday,5
271,d,3,0,422.4351673777319,427.6373206120388,0.9906159782324835,0.041,0.3122953661936385,0.0,4.067995008334538,4.421290374528176,427.9906159782325,432.05861098656703,2024-02-29 04:26:38,2024-03-05 17:46:29,2024-03-09 19:24:23,Tuesday,17
272,b,1,0,423.82915451430017,423.82915451430017,4.127419158353348,0.041,0.257264644053181,0.37258084164665206,2.6717681577915093,3.3426136434913425,424.5,427.1717681577915,2024-03-01 13:53:58,2024-03-02 06:00:00,2024-03-04 22:07:20,Saturday,6
272,b,2,0,423.82915451430017,427.1717681577915,0.22111601979986517,0.041,0.008347862008362432,0.27888398020013483,0.22167490520694977,0.5499067474154471,427.5,427.72167490520695,2024-03-01 13:53:58,2024-03-05 06:00:00,2024-03-05 11:19:12,Tuesday,6
272,c,3,0,423.82915451430017,427.72167490520695,1.4073324628870978,0.041,0.6446575576801268,0.09266753711290221,0.0784530895602214,0.8567781843532505,428.5,428.57845308956024,2024-03-01 13:53:58,2024-03-06 06:00:00,2024-03-06 07:52:58,Wednesday,6
272,d,4,0,423.82915451430017,428.5784530895602,1.7334276749461992,0.082,0.07297458538601043,0.0,0.3961960229080341,0.5511706082940445,428.7334276749462,429.12962369785424,2024-03-01 13:53:58,2024-03-06 11:36:08,2024-03-06 21:06:39,Wednesday,11
272,d,5,0,423.82915451430017,429.12962369785424,2.363325441476661,0.123,0.11070174362239525,0.13667455852333887,2.947956877303341,3.318333179449075,429.49999999999994,432.4479568773033,2024-03-01 13:53:58,2024-03-07 05:59:59,2024-03-10 04:45:03,Thursday,5
272,c,6,0,423.82915451430017,432.44795687730334,5.56612285562926,0.082,0.036165978325919786,1.93387714437074,6.561197924705285,8.613241047401944,434.5,441.0611979247053,2024-03-01 13:53:58,2024-03-12 06:00:00,2024-03-18 19:28:07,Tuesday,6
272,e,7,0,423.82915451430017,441.0611979247053,0.23660065213658754,0.0,0.1754027274312533,0.26339934786341246,0.8451776294326662,1.283979704727332,441.5,442.34517762943267,2024-03-01 13:53:58,2024-03-19 06:00:00,2024-03-20 02:17:03,Tuesday,6
273,e,1,0,426.0041990892561,426.0041990892561,6.101633212495642,0.041,0.05643412323957228,1.398366787504358,1.0867189757757687,2.582519886519699,427.5,428.5867189757758,2024-03-03 18:06:02,2024-03-05 06:00:00,2024-03-06 08:04:52,Tuesday,6
273,d,2,0,426.0041990892561,428.5867189757758,1.6929561734541494,0.082,0.024237197678328312,0.0,0.5215815674326371,0.6278187651109653,428.6929561734541,429.2145377408867,2024-03-03 18:06:02,2024-03-06 10:37:51,2024-03-06 23:08:56,Wednesday,10
273,b,3,0,426.0041990892561,429.2145377408868,2.5540098788339947,0.0,0.3394721379471952,0.0,0.44830100713770354,0.7877731450848988,429.554009878834,430.0023108859717,2024-03-03 18:06:02,2024-03-07 07:17:46,2024-03-07 18:03:19,Thursday,7
273,d,4,0,426.0041990892561,430.00231088597167,3.176411008453897,0.123,0.05110012248222456,0.323588991546103,0.1299698824942806,0.6276589965226081,430.5,430.62996988249427,2024-03-03 18:06:02,2024-03-08 06:00:00,2024-03-08 09:07:09,Friday,6
273,c,5,0,426.0041990892561,430.62996988249427,3.7379770953153297,0.041,0.06700721282107384,0.0,0.2167942264139579,0.32480143923503174,430.73797709531533,430.9547713217293,2024-03-03 18:06:02,2024-03-08 11:42:41,2024-03-08 16:54:52,Friday,11
273,c,6,0,426.0041990892561,430.9547713217293,4.006404540326969,0.041,0.01063321859765806,0.4935954596730312,0.09416348382452597,0.6393921620952152,431.5,431.5941634838245,2024-03-03 18:06:02,2024-03-09 06:00:00,2024-03-09 08:15:35,Saturday,6
273,b,7,0,426.0041990892561,431.5941634838245,4.872919636630456,0.082,0.19675615280594327,0.0,2.386521435837455,2.6652775886433986,431.87291963663046,434.2594410724679,2024-03-03 18:06:02,2024-03-09 14:57:00,2024-03-12 00:13:35,Saturday,14
273,e,8,0,426.0041990892561,434.2594410724679,0.530503692165837,0.082,0.18906261969794064,0.0,5.780905652855321,6.051968272553261,434.53050369216584,440.31140934502116,2024-03-03 18:06:02,2024-03-12 06:43:55,2024-03-18 01:28:25,Tuesday,6
273,e,9,0,426.0041990892561,440.31140934502116,6.353548552677239,0.041,0.0011392076560858137,1.146451447322761,0.9158819319121503,2.104472586890997,441.5,442.41588193191217,2024-03-03 18:06:02,2024-03-19 06:00:00,2024-03-20 03:58:52,Tuesday,6
273,b,10,0,426.0041990892561,442.41588193191217,1.5993008439030518,0.082,0.10141891199089344,0.0,0.8809143405498836,1.0643332525407772,442.59930084390305,443.48021518445296,2024-03-03 18:06:02,2024-03-20 08:22:59,2024-03-21 05:31:30,Wednesday,8
273,f,11,0,426.0041990892561,443.48021518445296,2.736257381229848,0.123,0.1330421967768632,0.0,2.0063478824313212,2.2623900792081844,443.7362573812298,445.7426052636611,2024-03-03 18:06:02,2024-03-21 11:40:12,2024-03-23 11:49:21,Thursday,11
274,e,1,0,426.5043952887341,426.5043952887341,6.630925214829688,0.123,0.0035299260956039255,0.8690747851703122,1.0743676437236267,2.0699723549895426,427.5,428.57436764372363,2024-03-04 06:06:19,2024-03-05 06:00:00,2024-03-06 07:47:05,Tuesday,6
275,d,1,0,428.1854389384547,428.1854389384547,1.3500225283573855,0.123,0.04158358990268311,0.14997747164261455,0.14600103985265028,0.46056210139794795,428.5,428.64600103985265,2024-03-05 22:27:01,2024-03-06 06:00:00,2024-03-06 09:30:14,Wednesday,6
275,d,2,0,428.1854389384547,428.64600103985265,1.974875859589531,0.082,0.24687481973686115,0.0,0.1378888215230999,0.46676364125996106,428.97487585958953,429.11276468111265,2024-03-05 22:27:01,2024-03-06 17:23:49,2024-03-06 20:42:22,Wednesday,17
275,d,3,0,428.1854389384547,429.1127646811126,2.4816103188009606,0.082,0.28684563768838056,0.018389681199039387,5.0819372160634595,5.4691725349508795,429.5,434.58193721606347,2024-03-05 22:27:01,2024-03-07 06:00:00,2024-03-12 07:57:59,Thursday,6
275,d,4,0,428.1854389384547,434.58193721606347,0.7069718832404988,0.041,0.08403466717703309,0.0,0.323201263400573,0.4482359305776061,434.7069718832405,435.03017314664106,2024-03-05 22:27:01,2024-03-12 10:58:02,2024-03-12 18:43:26,Tuesday,10
275,d,5,0,428.1854389384547,435.03017314664106,1.2385382434522967,0.082,0.1263650968112561,0.2614617565477033,4.348361773319163,4.818188626678123,435.5,439.84836177331914,2024-03-05 22:27:01,2024-03-13 06:00:00,2024-03-17 14:21:38,Wednesday,6
275,b,6,0,428.1854389384547,439.8483617733192,5.99079481560409,0.082,0.06043304228490586,1.5092051843959098,1.4955698217867506,3.147208048467566,441.5,442.9955698217868,2024-03-05 22:27:01,2024-03-19 06:00:00,2024-03-20 17:53:37,Tuesday,6
275,b,7,0,428.1854389384547,442.9955698217868,2.147217339354654,0.041,0.11064751756788016,0.3527826606453459,4.136420738372646,4.6408509165858725,443.5,447.63642073837264,2024-03-05 22:27:01,2024-03-21 06:00:00,2024-03-25 09:16:26,Thursday,6
275,d,8,0,428.1854389384547,447.63642073837264,6.819566020911395,0.123,0.06014528253876897,0.6804339790886047,1.1722808293062394,2.035860090933613,448.5,449.67228082930626,2024-03-05 22:27:01,2024-03-26 06:00:00,2024-03-27 10:08:05,Tuesday,6
276,f,1,0,428.6328689666296,428.6328689666296,1.825131628505801,0.082,0.11026266187621206,0.0,2.441066199849448,2.63332886172566,428.8251316285058,431.26619782835525,2024-03-06 09:11:19,2024-03-06 13:48:11,2024-03-09 00:23:19,Wednesday,13
277,e,1,0,431.18018935251854,431.18018935251854,4.289629941291594,0.082,0.02744058877307233,0.2103700587084063,0.1121653364060986,0.43197598388757724,431.5,431.6121653364061,2024-03-08 22:19:28,2024-03-09 06:00:00,2024-03-09 08:41:31,Saturday,6
277,f,2,0,431.18018935251854,431.6121653364061,4.855073875517576,0.123,0.11990853911145197,0.0,0.03498153222429601,0.27789007133574795,431.8550738755176,431.8900554077419,2024-03-08 22:19:28,2024-03-09 14:31:18,2024-03-09 15:21:40,Saturday,14
277,f,3,0,431.18018935251854,431.8900554077419,4.905455517100108,0.0,0.015400109358231572,0.0,1.2988059196588244,1.314206029017056,431.9054555171001,433.20426143675894,2024-03-08 22:19:28,2024-03-09 15:43:51,2024-03-10 22:54:08,Saturday,15
277,b,4,0,431.18018935251854,433.20426143675894,6.342990187873227,0.041,0.09772875111428424,1.1570098121267733,7.091314532761723,8.38705309600278,434.5,441.5913145327617,2024-03-08 22:19:28,2024-03-12 06:00:00,2024-03-19 08:11:29,Tuesday,6
277,e,5,0,431.18018935251854,441.5913145327617,0.7093635175431814,0.041,0.0770489847814948,0.0,2.967997849768904,3.086046834550399,441.7093635175432,444.6773613673121,2024-03-08 22:19:28,2024-03-19 11:01:29,2024-03-22 10:15:24,Tuesday,11
278,d,1,0,431.29844898284944,431.29844898284944,4.355212568629952,0.0,0.05676358578053127,0.14478743137004813,0.0043703139126324755,0.20592133106321187,431.5,431.50437031391266,2024-03-09 01:09:45,2024-03-09 06:00:00,2024-03-09 06:06:17,Saturday,6
278,e,2,0,431.29844898284944,431.50437031391266,4.918186424293822,0.123,0.29081611038119054,0.0,0.5618982894475117,0.9757143998287023,431.9181864242938,432.48008471374135,2024-03-09 01:09:45,2024-03-09 16:02:11,2024-03-10 05:31:19,Saturday,16
279,f,1,0,431.610366370254,431.610366370254,4.759777375188662,0.123,0.02641100493468608,0.0,0.5746438986433591,0.7240549035780451,431.75977737518866,432.33442127383205,2024-03-09 08:38:55,2024-03-09 12:14:04,2024-03-10 02:01:33,Saturday,12
279,c,2,0,431.610366370254,432.33442127383205,5.6353673105426765,0.123,0.17794603671064302,1.8646326894573235,0.7462108686653849,2.9117895948333516,434.5,435.2462108686654,2024-03-09 08:38:55,2024-03-12 06:00:00,2024-03-12 23:54:32,Tuesday,6
279,f,3,0,431.610366370254,435.2462108686654,1.3407531213986204,0.082,0.012542252733200308,0.15924687860137965,3.6379055081749874,3.8916946395095673,435.5,439.137905508175,2024-03-09 08:38:55,2024-03-13 06:00:00,2024-03-16 21:18:35,Wednesday,6
279,f,4,0,431.610366370254,439.137905508175,5.422907616184773,0.041,0.24400210800976707,2.077092383815227,0.34932775937407,2.711422251199064,441.5,441.8493277593741,2024-03-09 08:38:55,2024-03-19 06:00:00,2024-03-19 14:23:01,Tuesday,6
279,f,5,0,431.610366370254,441.84932775937403,1.0031544387494478,0.082,0.07182667937542929,0.49684556125055224,9.037545178550264,9.688217419176246,442.5,451.53754517855026,2024-03-09 08:38:55,2024-03-20 06:00:00,2024-03-29 06:54:03,Wednesday,6
279,c,6,0,431.610366370254,451.53754517855026,3.7589972304692196,0.082,0.13945205191896312,0.0,1.917828626954435,2.139280678873398,451.7589972304692,453.67682585742364,2024-03-09 08:38:55,2024-03-29 12:12:57,2024-03-31 10:14:37,Friday,12
280,e,1,0,435.2927626986419,435.2927626986419,1.9360308577891487,0.0,0.6432681591472211,0.0,0.3193855003685103,0.9626536595157315,435.93603085778915,436.2554163581577,2024-03-13 01:01:34,2024-03-13 16:27:53,2024-03-14 00:07:47,Wednesday,16
280,c,2,0,435.2927626986419,436.2554163581577,2.556213558636614,0.082,0.2187972004789605,0.0,4.202282827535077,4.503080028014038,436.5562135586366,440.7584963861717,2024-03-13 01:01:34,2024-03-14 07:20:56,2024-03-18 12:12:14,Thursday,7
280,d,3,0,435.2927626986419,440.7584963861717,6.984599918945264,0.082,0.14410353277355445,0.5154000810547359,1.1174064476873105,1.858910061515601,441.5,442.6174064476873,2024-03-13 01:01:34,2024-03-19 06:00:00,2024-03-20 08:49:03,Tuesday,6
281,d,1,0,435.8479092430288,435.8479092430288,1.928393811445119,0.041,0.03948456841629596,0.0,1.4875717755879385,1.5680563440042345,435.9283938114451,437.41596558703304,2024-03-13 14:20:59,2024-03-13 16:16:53,2024-03-15 03:58:59,Wednesday,16
281,c,2,0,435.8479092430288,437.41596558703304,3.5858036638884414,0.082,0.08783807685542472,0.0,1.2446248312361983,1.4144629080916231,437.58580366388844,438.83042849512464,2024-03-13 14:20:59,2024-03-15 08:03:33,2024-03-16 13:55:49,Friday,8
281,b,3,0,435.8479092430288,438.8304284951247,5.362260645356457,0.041,0.490832150231792,2.137739354643543,0.7177369686618409,3.3873084735371757,441.5,442.2177369686618,2024-03-13 14:20:59,2024-03-19 06:00:00,2024-03-19 23:13:32,Tuesday,6
281,c,4,0,435.8479092430288,442.2177369686619,1.372692664319061,0.082,0.07295569565717241,0.1273073356809391,2.130884880879421,2.4131479122175326,442.5,444.6308848808794,2024-03-13 14:20:59,2024-03-20 06:00:00,2024-03-22 09:08:28,Wednesday,6
281,d,5,0,435.8479092430288,444.6308848808794,4.021127949233062,0.123,0.26724306835362094,0.4788720507669382,10.120867580137189,10.989982699257748,445.49999999999994,455.62086758013714,2024-03-13 14:20:59,2024-03-23 05:59:59,2024-04-02 08:54:02,Saturday,5
281,e,6,0,435.8479092430288,455.62086758013714,0.8634659479684501,0.082,0.16059836783128836,0.0,4.7577108165812,5.0003091844124885,455.86346594796845,460.62117676454966,2024-03-13 14:20:59,2024-04-02 14:43:23,2024-04-07 08:54:29,Tuesday,14
281,d,7,0,435.8479092430288,460.62117676454966,5.726106460343942,0.041,0.06392969579426498,1.7738935396560578,0.985023443182903,2.8638466786332257,462.5,463.4850234431829,2024-03-13 14:20:59,2024-04-09 06:00:00,2024-04-10 05:38:26,Tuesday,6
281,f,8,0,435.8479092430288,463.4850234431829,1.5225098055375383,0.0,0.037486362354651186,0.0,2.370945881330597,2.408432243685248,463.52250980553754,465.89345568686815,2024-03-13 14:20:59,2024-04-10 06:32:24,2024-04-12 15:26:34,Wednesday,6
281,e,9,0,435.8479092430288,465.89345568686815,4.0446336758689085,0.041,0.1101779890007602,0.45536632413109146,0.36400705040591247,0.9705513635377641,466.5,466.8640070504059,2024-03-13 14:20:59,2024-04-13 06:00:00,2024-04-13 14:44:10,Saturday,6
281,b,10,0,435.8479092430288,466.8640070504059,5.148985918779317,0.082,0.2029788683734177,2.351014081220683,9.22752064807782,11.86351359767192,469.5,478.7275206480778,2024-03-13 14:20:59,2024-04-16 06:00:00,2024-04-25 11:27:37,Tuesday,6
282,e,1,0,436.25643003090516,436.25643003090516,2.3633778612639844,0.041,0.06594783035880379,0.13662213873601559,1.2769915540452774,1.5205615231400968,436.5,437.77699155404525,2024-03-14 00:09:15,2024-03-14 06:00:00,2024-03-15 12:38:52,Thursday,6
282,b,2,0,436.25643003090516,437.77699155404525,3.8317254402006142,0.041,0.013733886155379717,0.0,0.07434958979684153,0.12908347595222125,437.8317254402006,437.90607502999745,2024-03-14 00:09:15,2024-03-15 13:57:41,2024-03-15 15:44:44,Friday,13
282,d,3,0,436.25643003090516,437.90607502999745,4.038690885085089,0.041,0.09161585508760811,0.46130911491491133,3.1124890157988014,3.706413985801321,438.49999999999994,441.61248901579876,2024-03-14 00:09:15,2024-03-16 05:59:59,2024-03-19 08:41:59,Saturday,5
282,d,4,0,436.25643003090516,441.61248901579876,0.8217395114338046,0.041,0.16825049563502736,0.0,0.08500388691306887,0.2942543825480962,441.8217395114338,441.90674339834686,2024-03-14 00:09:15,2024-03-19 13:43:18,2024-03-19 15:45:42,Tuesday,13
282,e,5,0,436.25643003090516,441.90674339834686,1.4457353803213095,0.041,0.49799198197444206,0.05426461967869045,0.2637762129899805,0.857032814643113,442.5,442.76377621298997,2024-03-14 00:09:15,2024-03-20 06:00:00,2024-03-20 12:19:50,Wednesday,6
282,d,6,0,436.25643003090516,442.76377621298997,1.7992618320314477,0.0,0.035485619041473626,0.0,2.6021131645396522,2.637598783581126,442.79926183203145,445.4013749965711,2024-03-14 00:09:15,2024-03-20 13:10:56,2024-03-23 03:37:58,Wednesday,13
282,e,7,0,436.25643003090516,445.4013749965711,4.522869155668957,0.082,0.039494159097862705,0.0,0.2991113252768326,0.4206054843746953,445.52286915566896,445.8219804809458,2024-03-14 00:09:15,2024-03-23 06:32:55,2024-03-23 13:43:39,Saturday,6
282,c,8,0,436.25643003090516,445.8219804809458,4.999207503305399,0.041,0.13622702235957443,0.0,36.38073947578477,36.557966498144346,445.99920750330534,482.3799469790901,2024-03-14 00:09:15,2024-03-23 17:58:51,2024-04-29 03:07:07,Saturday,17
282,f,9,0,436.25643003090516,482.37994697909016,6.515527067587527,0.123,0.01258008849738852,0.9844729324124728,0.4141536414196371,1.5342066623294985,483.5,483.91415364141966,2024-03-14 00:09:15,2024-04-30 06:00:00,2024-04-30 15:56:22,Tuesday,6
283,c,1,0,436.9384645535867,436.9384645535867,3.039479188401458,0.041,0.06001463481478071,0.46052081159854197,0.27829145605386024,0.839826902467183,437.5,437.77829145605386,2024-03-14 16:31:23,2024-03-15 06:00:00,2024-03-15 12:40:44,Friday,6
283,d,2,0,436.9384645535867,437.77829145605386,3.92497729712926,0.082,0.06468584107542348,0.0,0.126967695475637,0.2736535365510605,437.92497729712926,438.0519449926049,2024-03-14 16:31:23,2024-03-15 16:11:58,2024-03-15 19:14:48,Friday,16
283,d,3,0,436.9384645535867,438.05194499260494,4.517610731445359,0.082,0.38366573884043814,0.0,12.099923900741226,12.565589639581663,438.51761073144536,450.61753463218656,2024-03-14 16:31:23,2024-03-16 06:25:21,2024-03-28 08:49:14,Saturday,6
283,d,4,0,436.9384645535867,450.6175346321866,2.735887710630152,0.082,0.03635307844352664,0.0,0.6218471070121337,0.7402001854556604,450.73588771063015,451.35773481764227,2024-03-14 16:31:23,2024-03-28 11:39:40,2024-03-29 02:35:08,Thursday,11
283,b,5,0,436.9384645535867,451.35773481764227,3.728034215566254,0.123,0.24729939792396005,0.0,10.80613019816869,11.17642959609265,451.7280342155662,462.5341644137349,2024-03-14 16:31:23,2024-03-29 11:28:22,2024-04-09 06:49:11,Friday,11
283,d,6,0,436.9384645535867,462.5341644137349,0.6605617476362227,0.041,0.08539733390129788,0.0,0.6304386966892515,0.7568360305905493,462.6605617476362,463.29100044432545,2024-03-14 16:31:23,2024-04-09 09:51:12,2024-04-10 00:59:02,Tuesday,9
284,f,1,0,438.70519311157693,438.70519311157693,4.857898679423215,0.082,0.07070556784627932,0.0,0.1803204613749529,0.3330260292212322,438.8578986794232,439.03821914079816,2024-03-16 10:55:28,2024-03-16 14:35:22,2024-03-16 18:55:02,Saturday,14
284,f,2,0,438.70519311157693,439.03821914079816,5.128406886660798,0.041,0.049187745862653245,2.371593113339202,0.028451560248611056,2.490232419450466,441.5,441.5284515602486,2024-03-16 10:55:28,2024-03-19 06:00:00,2024-03-19 06:40:58,Tuesday,6
284,e,3,0,438.70519311157693,441.52845156024864,0.6754505238292268,0.123,0.02399896358061256,0.0,3.3162671576696625,3.463266121250275,441.6754505238292,444.99171768149887,2024-03-16 10:55:28,2024-03-19 10:12:38,2024-03-22 17:48:04,Tuesday,10
284,b,4,0,438.70519311157693,444.9917176814989,4.103941312442316,0.082,0.030223630943392567,0.3960586875576837,6.045320958030043,6.55360327653112,445.5,451.54532095803006,2024-03-16 10:55:28,2024-03-23 06:00:00,2024-03-29 07:05:15,Saturday,6
284,c,5,0,438.70519311157693,451.54532095803006,3.623440402908784,0.041,0.03711944487871473,0.0,0.07147507190877606,0.14959451678749078,451.6234404029088,451.69491547481755,2024-03-16 10:55:28,2024-03-29 08:57:45,2024-03-29 10:40:40,Friday,8
284,c,6,0,438.70519311157693,451.69491547481755,3.966629031523155,0.082,0.1897135567055933,0.0,0.0739214032215125,0.3456349599271058,451.96662903152315,452.04055043474466,2024-03-16 10:55:28,2024-03-29 17:11:56,2024-03-29 18:58:23,Friday,17
284,d,7,0,438.70519311157693,452.04055043474466,4.131547128101829,0.041,0.049996693357163266,0.368452871898171,0.8155158628781078,1.2749654281334422,452.5,453.3155158628781,2024-03-16 10:55:28,2024-03-30 06:00:00,2024-03-31 01:34:20,Saturday,6
284,c,8,0,438.70519311157693,453.3155158628781,5.413321611034576,0.082,0.015805748156470307,2.0866783889654243,16.02211762352394,18.206601760645835,455.5,471.52211762352397,2024-03-16 10:55:28,2024-04-02 06:00:00,2024-04-18 06:31:50,Tuesday,6
284,e,9,0,438.70519311157693,471.5221176235239,2.579959322318075,0.041,0.016841698794182933,0.0,1.5586932888927412,1.6165349876869242,471.5799593223181,473.13865261121083,2024-03-16 10:55:28,2024-04-18 07:55:08,2024-04-19 21:19:39,Thursday,7
284,d,10,0,438.70519311157693,473.13865261121083,4.251666119978495,0.041,0.07201350876769326,0.24833388002150514,3.4570404549054086,3.818387843694607,473.5,476.9570404549054,2024-03-16 10:55:28,2024-04-20 06:00:00,2024-04-23 16:58:08,Saturday,6
284,d,11,0,438.70519311157693,476.95704045490544,1.0475825242467067,0.082,0.008542069341293758,0.4524174757532933,1.2294613148059315,1.7724208599005185,477.5,478.7294613148059,2024-03-16 10:55:28,2024-04-24 06:00:00,2024-04-25 11:30:25,Wednesday,6
284,c,12,0,438.70519311157693,478.729461314806,2.8338685554949734,0.082,0.022407240689009445,0.0,0.5369610803979735,0.6413683210869829,478.833868555495,479.37082963589296,2024-03-16 10:55:28,2024-04-25 14:00:46,2024-04-26 02:53:59,Thursday,14
284,d,13,0,438.70519311157693,479.37082963589296,3.496507530908957,0.0,0.12567789501600315,0.003492469091042949,7.777751729328349,7.906922093435395,479.5,487.2777517293284,2024-03-16 10:55:28,2024-04-26 06:00:00,2024-05-04 00:39:57,Friday,6
285,d,1,0,438.85069383321553,438.85069383321553,5.021088811750474,0.0,0.17039497853494112,2.4789111882495263,1.779042406613245,4.428348573397712,441.5,443.27904240661326,2024-03-16 14:24:59,2024-03-19 06:00:00,2024-03-21 00:41:49,Tuesday,6
285,e,2,0,438.85069383321553,443.27904240661326,2.2880127829715775,0.0,0.008970376358314934,0.2119872170284225,1.6522261792476822,1.8731837726344196,443.5,445.1522261792477,2024-03-16 14:24:59,2024-03-21 06:00:00,2024-03-22 21:39:12,Thursday,6
286,f,1,0,442.2073580710617,442.2073580710617,1.2711622119212507,0.041,0.022804140859513076,0.22883778807874933,0.03177856444700556,0.32442049338526796,442.5,442.531778564447,2024-03-19 22:58:35,2024-03-20 06:00:00,2024-03-20 06:45:45,Wednesday,6
286,c,2,0,442.2073580710617,442.531778564447,1.6623738319045742,0.123,0.0075952674575903755,0.0,1.6338660170328074,1.7644612844903977,442.6623738319046,444.2962398489374,2024-03-19 22:58:35,2024-03-20 09:53:49,2024-03-22 01:06:35,Wednesday,9
286,e,3,0,442.2073580710617,444.2962398489374,3.4340365721483863,0.041,0.09679672321101339,0.06596342785161369,5.142562518592079,5.346322669654707,444.5,449.64256251859206,2024-03-19 22:58:35,2024-03-22 06:00:00,2024-03-27 09:25:17,Friday,6
286,d,4,0,442.2073580710617,449.64256251859206,1.9431991069412788,0.123,0.1776365883492483,0.0,0.11449804233178373,0.41513463068103207,449.9431991069413,450.05769714927305,2024-03-19 22:58:35,2024-03-27 16:38:12,2024-03-27 19:23:05,Wednesday,16
286,b,5,0,442.2073580710617,450.0576971492731,2.5204946807389206,0.0,0.4627975314657949,0.0,2.153189083619506,2.615986615085301,450.5204946807389,452.67368376435843,2024-03-19 22:58:35,2024-03-28 06:29:30,2024-03-30 10:10:06,Thursday,6
287,e,1,0,442.49623850528747,442.49623850528747,1.7519176152828209,0.082,0.17367910999535177,0.0,2.30546846797826,2.5611475779736117,442.7519176152828,445.05738608326106,2024-03-20 05:54:35,2024-03-20 12:02:45,2024-03-22 19:22:38,Wednesday,12
287,e,2,0,442.49623850528747,445.05738608326106,4.1455558812165805,0.082,0.006169797955496329,0.3544441187834195,2.174469031162849,2.617082947901765,445.5,447.67446903116286,2024-03-20 05:54:35,2024-03-23 06:00:00,2024-03-25 10:11:14,Saturday,6
288,f,1,0,443.8744120253988,443.8744120253988,2.920175144896632,0.041,0.004763119497858134,0.0,0.11951530067438648,0.16527842017224462,443.92017514489663,444.039690445571,2024-03-21 14:59:09,2024-03-21 16:05:03,2024-03-21 18:57:09,Thursday,16
288,c,2,0,443.8744120253988,444.039690445571,3.3280403114972614,0.123,0.16534986592625903,0.17195968850273857,1.201721626522713,1.6620311809517108,444.5,445.7017216265227,2024-03-21 14:59:09,2024-03-22 06:00:00,2024-03-23 10:50:28,Friday,6
288,e,3,0,443.8744120253988,445.7017216265227,4.870113903812012,0.082,0.08639227728927412,0.0,4.742537378761479,4.910929656050753,445.870113903812,450.6126512825735,2024-03-21 14:59:09,2024-03-23 14:52:57,2024-03-28 08:42:13,Saturday,14
288,e,4,0,443.8744120253988,450.6126512825735,2.707858075377203,0.082,0.013206792803723203,0.0,3.7611665054830223,3.8563732982867456,450.7078580753772,454.4690245808602,2024-03-21 14:59:09,2024-03-28 10:59:18,2024-04-01 05:15:23,Thursday,10
289,e,1,0,444.03804926207044,444.03804926207044,3.0796052476813998,0.0,0.0415559856109738,0.42039475231860024,1.6110421845192557,2.07299292244883,444.5,446.11104218451925,2024-03-21 18:54:47,2024-03-22 06:00:00,2024-03-23 20:39:54,Friday,6
289,b,2,0,444.03804926207044,446.11104218451925,5.177973327762288,0.041,0.02593114324303283,2.322026672237712,0.08961474119377522,2.47857255667452,448.5,448.58961474119377,2024-03-21 18:54:47,2024-03-26 06:00:00,2024-03-26 08:09:02,Tuesday,6
289,c,3,0,444.03804926207044,448.58961474119377,0.6661136431267778,0.041,0.03549890193300583,0.0,9.913037498070505,9.98953640000351,448.6661136431268,458.57915114119726,2024-03-21 18:54:47,2024-03-26 09:59:12,2024-04-05 07:53:58,Tuesday,9
290,f,1,0,444.6337983879923,444.6337983879923,3.817480831998296,0.082,0.10168244400600057,0.0,4.1823354931603784,4.366017937166379,444.81748083199824,448.99981632515863,2024-03-22 09:12:40,2024-03-22 13:37:10,2024-03-26 17:59:44,Friday,13
291,e,1,0,446.5864628643235,446.5864628643235,5.792754691680386,0.0,0.2062918273568657,1.7072453083196137,3.539918024942134,5.4534551606186135,448.5,452.03991802494215,2024-03-24 08:04:30,2024-03-26 06:00:00,2024-03-29 18:57:28,Tuesday,6
291,d,2,0,446.5864628643235,452.0399180249421,4.129124296672558,0.082,0.007206271730436038,0.37087570332744235,0.1861609354921685,0.6462429105500469,452.49999999999994,452.6861609354921,2024-03-24 08:04:30,2024-03-30 05:59:59,2024-03-30 10:28:04,Saturday,5
291,d,3,0,446.5864628643235,452.6861609354921,4.93562723683857,0.041,0.2084663013464431,0.0,1.9621789512335368,2.21164525257998,452.93562723683857,454.8978061880721,2024-03-24 08:04:30,2024-03-30 16:27:18,2024-04-01 15:32:50,Saturday,16
291,c,4,0,446.5864628643235,454.8978061880721,0.0946968809930695,0.123,0.07389069292099552,0.4053031190069305,3.77581674258204,4.378010554509967,455.5,459.27581674258204,2024-03-24 08:04:30,2024-04-02 06:00:00,2024-04-06 00:37:10,Tuesday,6
291,b,5,0,446.5864628643235,459.27581674258204,4.3976929535147065,0.082,0.03987621093264869,0.10230704648529354,1.6400255067826526,1.864208764200595,459.5,461.14002550678265,2024-03-24 08:04:30,2024-04-06 06:00:00,2024-04-07 21:21:38,Saturday,6
291,f,6,0,446.5864628643235,461.14002550678265,6.287867475925623,0.041,0.1068419691429493,1.2121325240743772,1.863972984476507,3.2239474776938337,462.5,464.3639729844765,2024-03-24 08:04:30,2024-04-09 06:00:00,2024-04-11 02:44:07,Tuesday,6
291,c,7,0,446.5864628643235,464.3639729844765,2.523384547943067,0.082,0.0774115634665438,0.0,0.38144879933444414,0.5408603628009879,464.52338454794307,464.90483334727753,2024-03-24 08:04:30,2024-04-11 06:33:40,2024-04-11 15:42:57,Thursday,6
292,c,1,0,446.62674839368066,446.62674839368066,5.83668230200999,0.041,0.16893390832933008,1.66331769799001,1.6041955367743868,3.477447143093727,448.5,450.1041955367744,2024-03-24 09:02:31,2024-03-26 06:00:00,2024-03-27 20:30:02,Tuesday,6
292,c,2,0,446.62674839368066,450.1041955367744,2.3246264377742136,0.0,0.22043090099982035,0.17537356222578637,5.576706879131544,5.9725113423571505,450.5,456.07670687913156,2024-03-24 09:02:31,2024-03-28 06:00:00,2024-04-02 19:50:27,Thursday,6
292,d,3,0,446.62674839368066,456.07670687913156,1.3475603714614977,0.123,0.14785349232996003,0.15243962853850235,4.128732483093392,4.552025603961854,456.5,460.6287324830934,2024-03-24 09:02:31,2024-04-03 06:00:00,2024-04-07 09:05:22,Wednesday,6
292,c,4,0,446.62674839368066,460.6287324830934,5.753184834120418,0.123,0.0014523510270195218,1.7468151658795819,1.6413801420605774,3.512647658967179,462.5,464.1413801420606,2024-03-24 09:02:31,2024-04-09 06:00:00,2024-04-10 21:23:35,Tuesday,6
293,b,1,0,447.0468498291506,447.0468498291506,6.097064722171638,0.041,0.009214893021042668,1.4029352778283624,0.0251693520839954,1.4783195229334005,448.5,448.525169352084,2024-03-24 19:07:27,2024-03-26 06:00:00,2024-03-26 06:36:14,Tuesday,6
293,f,2,0,447.0468498291506,448.525169352084,0.5901550974580232,0.041,0.02398574537403054,0.0,0.030776767539478844,0.09576251291350939,448.590155097458,448.6209318649975,2024-03-24 19:07:27,2024-03-26 08:09:49,2024-03-26 08:54:08,Tuesday,8
293,b,3,0,447.0468498291506,448.6209318649975,0.7075531965734285,0.082,0.004621331575921011,0.0,2.2103329364419197,2.2969542680178408,448.70755319657343,450.9178861330154,2024-03-24 19:07:27,2024-03-26 10:58:52,2024-03-28 16:01:45,Tuesday,10
293,e,4,0,447.0468498291506,450.9178861330153,2.9762141264633897,0.0,0.05832799344808052,0.0,1.186193779408595,1.2445217728566755,450.9762141264634,452.162407905872,2024-03-24 19:07:27,2024-03-28 17:25:44,2024-03-29 21:53:52,Thursday,17
293,c,5,0,447.0468498291506,452.162407905872,4.2335504170711715,0.041,0.030142511199201184,0.2664495829288285,1.5871736672921009,1.9247657614201306,452.5,454.0871736672921,2024-03-24 19:07:27,2024-03-30 06:00:00,2024-03-31 20:05:31,Saturday,6
293,c,6,0,447.0468498291506,454.0871736672921,6.223836922729447,0.041,0.0956632554373036,1.276163077270553,0.3422286920088821,1.7550550247167387,455.5,455.84222869200886,2024-03-24 19:07:27,2024-04-02 06:00:00,2024-04-02 14:12:48,Tuesday,6
293,e,7,0,447.0468498291506,455.84222869200886,1.0772932566590043,0.123,0.11206456465012969,0.42270674334099567,1.4598088075316038,2.1175801155227294,456.5,457.9598088075316,2024-03-24 19:07:27,2024-04-03 06:00:00,2024-04-04 17:02:07,Wednesday,6
293,d,8,0,447.0468498291506,457.9598088075316,3.080905789940914,0.041,0.08009698240932979,0.419094210059086,2.167867411724309,2.7080586041927246,458.5,460.66786741172433,2024-03-24 19:07:27,2024-04-05 06:00:00,2024-04-07 10:01:43,Friday,6
293,e,9,0,447.0468498291506,460.66786741172433,5.683878536296163,0.0,0.016011124571856612,1.816121463703837,4.035397057089873,5.8675296453655665,462.5,466.5353970570899,2024-03-24 19:07:27,2024-04-09 06:00:00,2024-04-13 06:50:58,Tuesday,6
293,d,10,0,447.0468498291506,466.5353970570899,4.834659854906647,0.123,0.17626279781678017,0.0,0.8815400519296139,1.180802849746394,466.83465985490665,467.71619990683627,2024-03-24 19:07:27,2024-04-13 14:01:54,2024-04-14 11:11:19,Saturday,14
294,f,1,0,452.6815319113188,452.6815319113188,4.860320604710694,0.123,0.055788693391870404,0.0,2.2820366788065876,2.460825372198458,452.8603206047107,455.1423572835173,2024-03-30 10:21:24,2024-03-30 14:38:51,2024-04-01 21:24:59,Saturday,14
294,f,2,0,452.6815319113188,455.1423572835173,0.3234757728586146,0.041,0.1401184893412881,0.17652422714138538,0.019356125093822944,0.37699884157649644,455.49999999999994,455.5193561250938,2024-03-30 10:21:24,2024-04-02 05:59:59,2024-04-02 06:27:52,Tuesday,5
294,c,3,0,452.6815319113188,455.5193561250938,0.6770358103615308,0.041,0.11667968526775713,0.0,1.9502770109862013,2.1079566962539587,455.67703581036153,457.62731282134774,2024-03-30 10:21:24,2024-04-02 10:14:55,2024-04-04 09:03:19,Tuesday,10
294,c,4,0,452.6815319113188,457.62731282134774,2.8301361854564675,0.123,0.07982336410870372,0.0,0.15209168227308742,0.35491504638179117,457.8301361854564,457.9822278677295,2024-03-30 10:21:24,2024-04-04 13:55:23,2024-04-04 17:34:24,Thursday,13
294,f,5,0,452.6815319113188,457.98222786772953,3.067901067435912,0.082,0.0036731997063600163,0.43209893256408805,0.9324604810680235,1.4502326133384715,458.5,459.432460481068,2024-03-30 10:21:24,2024-04-05 06:00:00,2024-04-06 04:22:44,Friday,6
294,b,6,0,452.6815319113188,459.432460481068,4.530648103862177,0.082,0.01618762279417049,0.0,1.1517072799682189,1.2498949027623893,459.5306481038622,460.6823553838304,2024-03-30 10:21:24,2024-04-06 06:44:07,2024-04-07 10:22:35,Saturday,6
294,c,7,0,452.6815319113188,460.6823553838304,5.81340942077361,0.041,0.09005403694323759,1.6865905792263902,3.1809321836142317,4.9985767997838595,462.5,465.68093218361423,2024-03-30 10:21:24,2024-04-09 06:00:00,2024-04-12 10:20:32,Tuesday,6
294,e,8,0,452.6815319113188,465.68093218361423,3.7672335556418943,0.082,0.0043013720276541285,0.0,0.6116179891214352,0.6979193611490893,465.7672335556419,466.37885154476334,2024-03-30 10:21:24,2024-04-12 12:24:48,2024-04-13 03:05:32,Friday,12
294,d,9,0,452.6815319113188,466.37885154476334,4.514680519550382,0.082,0.053828974787062916,0.0,8.779406278004348,8.915235252791412,466.5146805195504,475.2940867975547,2024-03-30 10:21:24,2024-04-13 06:21:08,2024-04-22 01:03:29,Saturday,6
294,f,10,0,452.6815319113188,475.29408679755477,6.440435086914363,0.082,0.06434828935958399,1.0595649130856373,1.7652256092021268,2.9711388116473483,476.5,478.2652256092021,2024-03-30 10:21:24,2024-04-23 06:00:00,2024-04-25 00:21:55,Tuesday,6
294,e,11,0,452.6815319113188,478.2652256092021,2.2804222426387923,0.0,0.015196633436704963,0.21957775736120766,2.936167200309871,3.1709415911077836,478.5,481.43616720030985,2024-03-30 10:21:24,2024-04-25 06:00:00,2024-04-28 04:28:04,Thursday,6
294,b,12,0,452.6815319113188,481.4361672003099,5.634783548718076,0.041,0.15761634840818178,1.865216451281924,0.065278105686306,2.129110905376412,483.5,483.56527810568633,2024-03-30 10:21:24,2024-04-30 06:00:00,2024-04-30 07:34:00,Tuesday,6
295,c,1,0,453.38120095277117,453.38120095277117,5.408103068518358,0.0,0.026902115747218937,2.0918969314816422,0.42631578827998273,2.545114835508844,455.5,455.92631578827996,2024-03-31 03:08:55,2024-04-02 06:00:00,2024-04-02 16:13:53,Tuesday,6
295,d,2,0,453.38120095277117,455.92631578828,1.0284677038644077,0.041,0.061151915584396636,0.47153229613559233,0.15270274951838533,0.7263869612383743,456.5,456.65270274951837,2024-03-31 03:08:55,2024-04-03 06:00:00,2024-04-03 09:39:53,Wednesday,6
295,c,3,0,453.38120095277117,456.65270274951837,1.7883750378583727,0.082,0.05367228833998277,0.0,0.24637300770701231,0.3820452960469951,456.7883750378584,457.0347480455654,2024-03-31 03:08:55,2024-04-03 12:55:15,2024-04-03 18:50:02,Wednesday,12
295,b,4,0,453.38120095277117,457.0347480455654,2.1989618405369242,0.082,0.08221379497152206,0.30103815946307577,0.4146483222699813,0.8799002767045792,457.49999999999994,457.9146483222699,2024-03-31 03:08:55,2024-04-04 05:59:59,2024-04-04 15:57:05,Thursday,5
295,e,5,0,453.38120095277117,457.91464832226995,2.948806353763473,0.0,0.03415803149354106,0.0,1.1206491878898108,1.1548072193833518,457.9488063537635,459.06945554165327,2024-03-31 03:08:55,2024-04-04 16:46:16,2024-04-05 19:40:00,Thursday,16
296,c,1,0,453.47045583529524,453.47045583529524,5.534693470978823,0.041,0.023237635683596967,1.965306529021177,3.5482094151436194,5.577753579848393,455.5,459.0482094151436,2024-03-31 05:17:27,2024-04-02 06:00:00,2024-04-05 19:09:25,Tuesday,6
296,d,2,0,453.47045583529524,459.0482094151436,4.110810852338659,0.041,0.021601437195035354,0.38918914766134094,0.5373891634161363,0.9891797482725126,459.5,460.03738916341615,2024-03-31 05:17:27,2024-04-06 06:00:00,2024-04-06 18:53:50,Saturday,6
297,e,1,0,453.52896704287934,453.52896704287934,5.598367801768916,0.0,0.06940075888954594,1.9016321982310842,0.04924227363343762,2.0202752307540677,455.5,455.5492422736334,2024-03-31 06:41:42,2024-04-02 06:00:00,2024-04-02 07:10:54,Tuesday,6
297,c,2,0,453.52896704287934,455.5492422736334,0.6496514206699544,0.041,0.05940914703653005,0.0,0.7462136951448338,0.8466228421813639,455.64965142066995,456.3958651158148,2024-03-31 06:41:42,2024-04-02 09:35:29,2024-04-03 03:30:02,Tuesday,9
298,e,1,0,454.2001239274522,454.2001239274522,6.333182247972445,0.041,0.09205832052026086,1.1668177520275549,0.168215017533271,1.4680910900810868,455.5,455.66821501753327,2024-03-31 22:48:10,2024-04-02 06:00:00,2024-04-02 10:02:13,Tuesday,6
299,e,1,0,454.49349628889587,454.49349628889587,6.685616325607839,0.123,0.06912003671197352,0.8143836743921611,1.8003489651932667,2.8068526762974013,455.5,457.3003489651933,2024-04-01 05:50:38,2024-04-02 06:00:00,2024-04-04 01:12:30,Tuesday,6
300,c,1,0,454.63321429973917,454.63321429973917,6.708048609846799,0.041,0.03383431010764162,0.7919513901532014,1.6020324203303902,2.468818120591233,455.5,457.1020324203304,2024-04-01 09:11:49,2024-04-02 06:00:00,2024-04-03 20:26:55,Tuesday,6
300,b,2,0,454.63321429973917,457.1020324203304,2.193887742420202,0.082,0.009855322089819317,0.3061122575797981,0.0603146864847658,0.4582822661543832,457.5,457.5603146864848,2024-04-01 09:11:49,2024-04-04 06:00:00,2024-04-04 07:26:51,Thursday,6
300,e,3,0,454.63321429973917,457.56031468648473,2.9313625421516463,0.123,0.24804785566693927,0.0,6.454357961047668,6.825405816714607,457.93136254215165,464.3857205031993,2024-04-01 09:11:49,2024-04-04 16:21:09,2024-04-11 03:15:26,Thursday,16
300,c,4,0,454.63321429973917,464.3857205031993,2.539871702173798,0.082,0.07215119897451511,0.0,0.41244843497280465,0.5665996339473198,464.5398717021738,464.9523201371466,2024-04-01 09:11:49,2024-04-11 06:57:24,2024-04-11 16:51:20,Thursday,6
300,b,5,0,454.63321429973917,464.9523201371466,3.1077495798169252,0.082,0.07342944267029428,0.39225042018307477,0.49476430459900406,1.042444167452373,465.5,465.994764304599,2024-04-01 09:11:49,2024-04-12 06:00:00,2024-04-12 17:52:27,Friday,6
300,b,6,0,454.63321429973917,465.99476430459896,4.079361179029718,0.082,0.0025968744307698385,0.42063882097028227,0.4463707294778456,0.9516064248788977,466.5,466.94637072947785,2024-04-01 09:11:49,2024-04-13 06:00:00,2024-04-13 16:42:46,Saturday,6
300,f,7,0,454.63321429973917,466.94637072947785,5.352772153899025,0.041,0.36540142442116347,2.147227846100975,1.4945259824322583,4.0481552529543965,469.5,470.99452598243226,2024-04-01 09:11:49,2024-04-16 06:00:00,2024-04-17 17:52:07,Tuesday,6
300,b,8,0,454.63321429973917,470.99452598243226,2.2143557945549333,0.082,0.137829812122658,0.28564420544506675,2.177990560053672,2.683464577621397,471.5,473.6779905600537,2024-04-01 09:11:49,2024-04-18 06:00:00,2024-04-20 10:16:18,Thursday,6
301,e,1,0,456.5997594097456,456.5997594097456,1.7945310887616301,0.041,0.1537716790159941,0.0,0.563948244979283,0.7587199239952771,456.79453108876163,457.3584793337409,2024-04-03 08:23:39,2024-04-03 13:04:07,2024-04-04 02:36:12,Wednesday,13
302,e,1,0,458.378718856374,458.378718856374,3.4359650911219433,0.041,0.0162462347479083,0.06403490887805674,2.3163866578458054,2.4376678014717705,458.49999999999994,460.8163866578457,2024-04-05 03:05:21,2024-04-05 05:59:59,2024-04-07 13:35:35,Friday,5
303,e,1,0,459.4133830687679,459.4133830687679,4.606924870532737,0.041,0.1525418017647966,0.0,1.6246261375129039,1.8181679392777004,459.60692487053274,461.23155100804564,2024-04-06 03:55:16,2024-04-06 08:33:58,2024-04-07 23:33:26,Saturday,8
304,d,1,0,460.4995323526717,460.4995323526717,5.62447134036114,0.123,0.0019389876894872625,1.87552865963886,0.4664477664141753,2.4669154137425227,462.5,462.96644776641415,2024-04-07 05:59:19,2024-04-09 06:00:00,2024-04-09 17:11:41,Tuesday,6
304,b,2,0,460.4995323526717,462.9664477664142,1.019579738799905,0.041,0.012131972385709002,0.48042026120009496,0.09194370736455615,0.6254959409503601,463.5,463.5919437073646,2024-04-07 05:59:19,2024-04-10 06:00:00,2024-04-10 08:12:23,Wednesday,6
305,d,1,0,462.7801006469066,462.7801006469066,0.8478068141400854,0.041,0.026706167233503372,0.0,1.7506874726828296,1.818393639916333,462.8478068141401,464.5984942868229,2024-04-09 12:43:20,2024-04-09 14:20:50,2024-04-11 08:21:49,Tuesday,14
305,c,2,0,462.7801006469066,464.5984942868229,2.757325441666808,0.082,0.07683115484390074,0.0,0.21641523406933724,0.375246388913238,464.7573254416668,464.97374067573617,2024-04-09 12:43:20,2024-04-11 12:10:32,2024-04-11 17:22:11,Thursday,12
305,c,3,0,462.7801006469066,464.97374067573617,3.1068800234571654,0.041,0.09213934772101603,0.3931199765428346,1.0618084353670654,1.588067759630916,465.5,466.5618084353671,2024-04-09 12:43:20,2024-04-12 06:00:00,2024-04-13 07:29:00,Friday,6
305,f,4,0,462.7801006469066,466.5618084353671,4.636232086368011,0.041,0.03342365100093132,0.0,0.3996537872347265,0.47407743823565784,466.636232086368,467.03588587360275,2024-04-09 12:43:20,2024-04-13 09:16:10,2024-04-13 18:51:40,Saturday,9
305,d,5,0,462.7801006469066,467.03588587360275,5.1707803722315475,0.082,0.0528944986287887,2.3292196277684525,6.146392087416436,8.610506213813677,469.5,475.6463920874164,2024-04-09 12:43:20,2024-04-16 06:00:00,2024-04-22 09:30:48,Tuesday,6
305,f,6,0,462.7801006469066,475.6463920874164,6.855239038808406,0.123,0.08584695139197757,0.6447609611915937,2.3903495597056166,3.2439574722891877,476.5,478.8903495597056,2024-04-09 12:43:20,2024-04-23 06:00:00,2024-04-25 15:22:06,Tuesday,6
305,e,7,0,462.7801006469066,478.8903495597056,3.041605862694553,0.082,0.0692563029889229,0.4583941373054472,1.6677531300300006,2.2774035703243705,479.5,481.16775313003,2024-04-09 12:43:20,2024-04-26 06:00:00,2024-04-27 22:01:33,Friday,6
305,b,8,0,462.7801006469066,481.16775313003,5.329599619610121,0.0,0.1618464895801224,2.1704003803898786,0.22794363080381133,2.560190500773812,483.5,483.7279436308038,2024-04-09 12:43:20,2024-04-30 06:00:00,2024-04-30 11:28:14,Tuesday,6
305,c,9,0,462.7801006469066,483.7279436308038,0.8352452409690159,0.041,0.06630161016521317,0.0,0.8943361216278674,1.0016377317930805,483.835245240969,484.7295813625969,2024-04-09 12:43:20,2024-04-30 14:02:45,2024-05-01 11:30:35,Tuesday,14
305,b,10,0,462.7801006469066,484.7295813625969,1.82148069556348,0.082,0.009899332966606177,0.0,0.34681149874726946,0.43871083171387565,484.8214806955635,485.16829219431077,2024-04-09 12:43:20,2024-05-01 13:42:55,2024-05-01 22:02:20,Wednesday,13
305,d,11,0,462.7801006469066,485.16829219431077,2.3690358701322225,0.041,0.15974367582143426,0.1309641298677775,1.2555628954901614,1.5872707011793732,485.5,486.7555628954902,2024-04-09 12:43:20,2024-05-02 06:00:00,2024-05-03 12:08:00,Thursday,6
305,b,12,0,462.7801006469066,486.75556289549013,3.9571188365899843,0.123,0.0785559410998813,0.0,0.06461526121918186,0.26617120231906316,486.95711883659,487.02173409780914,2024-04-09 12:43:20,2024-05-03 16:58:15,2024-05-03 18:31:17,Friday,16
305,c,13,0,462.7801006469066,487.0217340978092,4.17529575645176,0.123,0.030561658642586666,0.3247042435482399,1.7621394255260476,2.240405327716874,487.5,489.2621394255261,2024-04-09 12:43:20,2024-05-04 06:00:00,2024-05-06 00:17:28,Saturday,6
305,b,14,0,462.7801006469066,489.2621394255261,6.376706964858101,0.082,0.03256753933202025,1.1232930351418986,3.4285073119638705,4.666367886437789,490.5,493.92850731196387,2024-04-09 12:43:20,2024-05-07 06:00:00,2024-05-10 16:17:03,Tuesday,6
305,d,15,0,462.7801006469066,493.92850731196387,4.058321497179065,0.123,0.006814185215171256,0.4416785028209347,0.08792195454330917,0.6594146425794152,494.49999999999994,494.5879219545433,2024-04-09 12:43:20,2024-05-11 05:59:59,2024-05-11 08:06:36,Saturday,5
305,b,16,0,462.7801006469066,494.5879219545433,4.697339163059439,0.082,0.027417208516177634,0.0,0.39591792355773187,0.5053351320739095,494.69733916305944,495.09325708661714,2024-04-09 12:43:20,2024-05-11 10:44:10,2024-05-11 20:14:17,Saturday,10
306,b,1,0,464.97363973750083,464.97363973750083,3.310050424152621,0.0,0.3364106866517963,0.18994957584737904,1.0602231343442396,1.586583396843415,465.5,466.56022313434426,2024-04-11 17:22:02,2024-04-12 06:00:00,2024-04-13 07:26:43,Friday,6
306,c,2,0,464.97363973750083,466.56022313434426,4.748764541344656,0.041,0.14754140700038165,0.0,1.5779812194061837,1.7665226264065654,466.74876454134466,468.32674576075084,2024-04-11 17:22:02,2024-04-13 11:58:13,2024-04-15 01:50:30,Saturday,11
306,f,3,0,464.97363973750083,468.32674576075084,6.631766817483651,0.0,0.3050210567328294,0.8682331825163487,4.312615142337746,5.485869381586925,469.5,473.81261514233773,2024-04-11 17:22:02,2024-04-16 06:00:00,2024-04-20 13:30:09,Tuesday,6
306,c,4,0,464.97363973750083,473.8126151423378,4.993122806842052,0.082,0.09850766450424686,0.0,0.4636757538264995,0.6441834183307464,473.99312280684205,474.4567985606686,2024-04-11 17:22:02,2024-04-20 17:50:05,2024-04-21 04:57:47,Saturday,17
307,c,1,0,465.6090534436696,465.6090534436696,3.747620117358508,0.123,0.015566673688885797,0.0,4.606173128348705,4.744739802037591,465.7476201173585,470.3537932457072,2024-04-12 08:37:02,2024-04-12 11:56:34,2024-04-17 02:29:27,Friday,11
307,b,2,0,465.6090534436696,470.3537932457072,1.5952788981435901,0.082,0.15948565243639043,0.0,0.2574091410163921,0.49889479345278254,470.5952788981436,470.85268803916,2024-04-12 08:37:02,2024-04-17 08:17:12,2024-04-17 14:27:52,Wednesday,8
308,f,1,0,466.92656904574045,466.92656904574045,5.023891200022945,0.041,0.056322154282499495,2.4761087999770552,4.097330332891238,6.670761287150793,469.5,473.59733033289126,2024-04-13 16:14:15,2024-04-16 06:00:00,2024-04-20 08:20:09,Tuesday,6
309,b,1,0,467.6673201600893,467.6673201600893,5.79132070934935,0.082,0.04200054926007105,1.7086792906506503,2.0422717150198344,3.874951554930556,469.5,471.5422717150198,2024-04-14 10:00:56,2024-04-16 06:00:00,2024-04-18 07:00:52,Tuesday,6
310,c,1,0,468.1993965628598,468.1993965628598,6.361280162001037,0.041,0.12088359914121634,1.1387198379989627,2.808229735893936,4.108833173034115,469.5,472.3082297358939,2024-04-14 22:47:07,2024-04-16 06:00:00,2024-04-19 01:23:51,Tuesday,6
310,b,2,0,468.1993965628598,472.3082297358939,3.4940988309635372,0.082,0.10386909506964773,0.005901169036462761,0.053494736540451185,0.24526500064656165,472.5,472.5534947365405,2024-04-14 22:47:07,2024-04-19 06:00:00,2024-04-19 07:17:01,Friday,6
310,f,3,0,468.1993965628598,472.5534947365405,3.597163635509901,0.041,0.002668898969451371,0.0,0.2643285561759169,0.30799745514536825,472.5971636355099,472.86149219168584,2024-04-14 22:47:07,2024-04-19 08:19:54,2024-04-19 14:40:32,Friday,8
310,d,4,0,468.1993965628598,472.86149219168584,4.098280143586578,0.041,0.19578795190076573,0.4017198564134219,0.22726195068628466,0.8657697590004723,473.5,473.7272619506863,2024-04-14 22:47:07,2024-04-20 06:00:00,2024-04-20 11:27:15,Saturday,6
310,f,5,0,468.1993965628598,473.72726195068634,4.8235552557366645,0.0,0.09629330505030592,0.0,2.038051218742003,2.134344523792309,473.82355525573666,475.86160647447866,2024-04-14 22:47:07,2024-04-20 13:45:55,2024-04-22 14:40:42,Saturday,13
310,c,6,0,468.1993965628598,475.86160647447866,6.993550480464762,0.123,0.008944005986118869,0.5064495195352379,1.3120394136747104,1.9504329391960673,476.5,477.8120394136747,2024-04-14 22:47:07,2024-04-23 06:00:00,2024-04-24 13:29:20,Tuesday,6
310,d,7,0,468.1993965628598,477.8120394136747,1.9251784145031934,0.082,0.031139000828468894,0.0,4.785818526135078,4.898957526963547,477.9251784145032,482.71099694063827,2024-04-14 22:47:07,2024-04-24 16:12:15,2024-04-29 11:03:50,Wednesday,16
310,d,8,0,468.1993965628598,482.71099694063827,6.918652162379487,0.082,0.12565522174123497,0.5813478376205126,4.402116478911847,5.191119538273595,483.5,487.90211647891186,2024-04-14 22:47:07,2024-04-30 06:00:00,2024-05-04 15:39:02,Tuesday,6
310,f,9,0,468.1993965628598,487.90211647891186,4.953824872876453,0.041,0.010708393964567419,0.0,0.15566520494576325,0.20737359891033066,487.95382487287645,488.1094900778222,2024-04-14 22:47:07,2024-05-04 16:53:30,2024-05-04 20:37:39,Saturday,16
310,f,10,0,468.1993965628598,488.1094900778222,5.381508740560491,0.082,0.19001866273825552,2.1184912594395087,0.5185728263801579,2.909082748557922,490.5,491.01857282638014,2024-04-14 22:47:07,2024-05-07 06:00:00,2024-05-07 18:26:44,Tuesday,6
310,b,11,0,468.1993965628598,491.01857282638014,1.4326872840708802,0.041,0.37311445769073165,0.0673127159291198,4.618668331186936,5.100095504806788,491.5,496.11866833118694,2024-04-14 22:47:07,2024-05-08 06:00:00,2024-05-12 20:50:52,Wednesday,6
310,f,12,0,468.1993965628598,496.11866833118694,6.195258520582684,0.041,0.03559018939575697,1.3047414794173164,0.30124420427203097,1.6825758730851044,497.5,497.80124420427205,2024-04-14 22:47:07,2024-05-14 06:00:00,2024-05-14 13:13:47,Tuesday,6
310,d,13,0,468.1993965628598,497.80124420427205,0.9249192618215147,0.041,0.08267505754943934,0.0,0.397007385995347,0.5206824435447863,497.9249192618215,498.32192664781684,2024-04-14 22:47:07,2024-05-14 16:11:53,2024-05-15 01:43:34,Tuesday,16
310,b,14,0,468.1993965628598,498.32192664781684,1.4986787143909055,0.041,0.13575206657408517,0.0013212856090945024,1.9439121610101728,2.1219855131933527,498.5,500.4439121610102,2024-04-14 22:47:07,2024-05-15 06:00:00,2024-05-17 04:39:14,Wednesday,6
310,f,15,0,468.1993965628598,500.4439121610102,3.8643229153524885,0.041,0.3794107543423031,0.0,0.04951194925807052,0.4699227036003736,500.8643229153525,500.9138348646106,2024-04-14 22:47:07,2024-05-17 14:44:37,2024-05-17 15:55:55,Friday,14
310,e,16,0,468.1993965628598,500.9138348646106,4.242386083427277,0.123,0.20555121881668428,0.2576139165727227,0.9566762864152372,1.5428414218046442,501.5,502.45667628641525,2024-04-14 22:47:07,2024-05-18 06:00:00,2024-05-19 04:57:36,Saturday,6
310,f,17,0,468.1993965628598,502.45667628641525,5.731077905775976,0.082,0.1924016193607088,1.768922094224024,0.3209218144154084,2.364245528000141,504.5,504.8209218144154,2024-04-14 22:47:07,2024-05-21 06:00:00,2024-05-21 13:42:07,Tuesday,6
310,d,18,0,468.1993965628598,504.8209218144154,0.9401816548388524,0.082,0.0372598404234845,0.0,0.8858622332761705,1.0051220736996551,504.94018165483885,505.826043888115,2024-04-14 22:47:07,2024-05-21 16:33:51,2024-05-22 13:49:30,Tuesday,16
310,b,19,0,468.1993965628598,505.82604388811507,1.9491657075200806,0.123,0.00012181940504019571,0.0,2.823989271983846,2.9471110913888863,505.9491657075201,508.77315497950394,2024-04-14 22:47:07,2024-05-22 16:46:47,2024-05-25 12:33:20,Wednesday,16
310,e,20,0,468.1993965628598,508.77315497950394,4.843518116316261,0.041,0.029363136812316993,0.0,2.183327498742056,2.253690635554373,508.84351811631626,511.02684561505833,2024-04-14 22:47:07,2024-05-25 14:14:39,2024-05-27 18:38:39,Saturday,14
310,f,21,0,468.1993965628598,511.02684561505833,0.10787902578675812,0.0,0.08103341072843007,0.3921209742132419,0.16949032343129383,0.6426447083729658,511.5,511.6694903234313,2024-04-14 22:47:07,2024-05-28 06:00:00,2024-05-28 10:04:03,Tuesday,6
310,c,22,0,468.1993965628598,511.6694903234313,0.8918186570365947,0.123,0.09932833360525958,0.0,0.030249483470644174,0.25257781707590377,511.8918186570366,511.92206814050724,2024-04-14 22:47:07,2024-05-28 15:24:13,2024-05-28 16:07:46,Tuesday,15
310,d,23,0,468.1993965628598,511.92206814050724,0.9899843226644975,0.041,0.02691618215726819,0.0,0.17999176045709253,0.24790794261436072,511.9899843226645,512.1699760831216,2024-04-14 22:47:07,2024-05-28 17:45:34,2024-05-28 22:04:45,Tuesday,17
310,c,24,0,468.1993965628598,512.1699760831216,1.593908930046382,0.082,0.3419328469248002,0.0,0.4066254576710567,0.8305583045958569,512.5939089300464,513.0005343877175,2024-04-14 22:47:07,2024-05-29 08:15:13,2024-05-29 18:00:46,Wednesday,8
310,c,25,0,468.1993965628598,513.0005343877175,2.137652096347324,0.123,0.014117708629802992,0.362347903652676,0.5299464710910855,1.0294120833735645,513.5,514.0299464710911,2024-04-14 22:47:07,2024-05-30 06:00:00,2024-05-30 18:43:07,Thursday,6
310,e,26,0,468.1993965628598,514.0299464710911,3.250134385728984,0.082,0.13818791463792768,0.24986561427101606,9.81064277512983,10.280696304038774,514.5,524.3106427751298,2024-04-14 22:47:07,2024-05-31 06:00:00,2024-06-10 01:27:19,Friday,6
310,d,27,0,468.1993965628598,524.3106427751298,6.546522853341003,0.041,0.19488007821113906,0.9534771466589973,1.0792767400922156,2.268633964962352,525.5,526.5792767400923,2024-04-14 22:47:07,2024-06-11 06:00:00,2024-06-12 07:54:09,Tuesday,6
310,d,28,0,468.1993965628598,526.5792767400922,1.7853213924346392,0.123,0.08304465234249207,0.0,1.0203272950017583,1.2263719473442505,526.7853213924346,527.8056486874364,2024-04-14 22:47:07,2024-06-12 12:50:51,2024-06-13 13:20:08,Wednesday,12
310,e,29,0,468.1993965628598,527.8056486874364,3.0536415864241917,0.041,0.2069928989877993,0.4463584135758083,0.20993581717091697,0.9042871297345245,528.5,528.709935817171,2024-04-14 22:47:07,2024-06-14 06:00:00,2024-06-14 11:02:18,Friday,6
310,f,30,0,468.1993965628598,528.7099358171708,3.9861136515513635,0.0,0.2761778343805135,0.0,1.977395860196276,2.2535736945767897,528.9861136515514,530.9635095117476,2024-04-14 22:47:07,2024-06-14 17:40:00,2024-06-16 17:07:27,Friday,17
310,f,31,0,468.1993965628598,530.9635095117476,6.082941937957003,0.082,0.0374324262093813,1.4170580620429973,0.06871421115838662,1.6052046994107654,532.5,532.5687142111584,2024-04-14 22:47:07,2024-06-18 06:00:00,2024-06-18 07:38:56,Tuesday,6
310,d,32,0,468.1993965628598,532.5687142111584,0.7555377653094411,0.082,0.10482355415106298,0.0,1.7496213159966119,1.9364448701476749,532.7555377653094,534.505159081306,2024-04-14 22:47:07,2024-06-18 12:07:58,2024-06-20 06:07:25,Tuesday,12
310,e,33,0,468.1993965628598,534.505159081306,2.695831035301808,0.041,0.14967195399582095,0.0,1.3957026464980453,1.5863746004938664,534.6958310353019,536.0915336818,2024-04-14 22:47:07,2024-06-20 10:41:59,2024-06-21 20:11:48,Thursday,10
310,e,34,0,468.1993965628598,536.0915336817999,4.182128030454237,0.082,0.008594348654397286,0.317871969545763,7.638375294159971,8.046841612360131,536.5,544.1383752941599,2024-04-14 22:47:07,2024-06-22 06:00:00,2024-06-29 21:19:15,Saturday,6
310,c,35,0,468.1993965628598,544.13837529416,5.383922452410502,0.123,0.12254715825044256,2.116077547589498,0.7316455695014025,3.093270275341343,546.5,547.2316455695014,2024-04-14 22:47:07,2024-07-02 06:00:00,2024-07-02 23:33:34,Tuesday,6
310,f,36,0,468.1993965628598,547.2316455695013,1.2728687001608705,0.041,0.00022313065952432885,0.2271312998391295,0.6601451773130094,0.9284996078116632,547.5,548.160145177313,2024-04-14 22:47:07,2024-07-03 06:00:00,2024-07-03 21:50:36,Wednesday,6
310,e,37,0,468.1993965628598,548.160145177313,2.222842016637969,0.041,0.021696839324983667,0.2771579833620308,3.8142147511960847,4.154069573883099,548.5,552.3142147511961,2024-04-14 22:47:07,2024-07-04 06:00:00,2024-07-08 01:32:28,Thursday,6
310,b,38,0,468.1993965628598,552.3142147511961,6.434036155399667,0.082,0.0378214042035451,1.0659638446003328,1.0088818668692539,2.1946671156731314,553.5,554.5088818668693,2024-04-14 22:47:07,2024-07-09 06:00:00,2024-07-10 06:12:47,Tuesday,6
310,f,39,0,468.1993965628598,554.5088818668693,1.5645387926269905,0.041,0.014656925757727222,0.0,0.6566091790313608,0.712266104789088,554.5645387926271,555.2211479716584,2024-04-14 22:47:07,2024-07-10 07:32:56,2024-07-10 23:18:27,Wednesday,7
310,e,40,0,468.1993965628598,555.2211479716584,2.4946078784422525,0.123,0.1504599067838625,0.005392121557747487,0.953944853331322,1.232796881672932,555.5000000000001,556.4539448533314,2024-04-14 22:47:07,2024-07-11 06:00:00,2024-07-12 04:53:40,Thursday,6
310,e,41,0,468.1993965628598,556.4539448533313,3.594307788264018,0.082,0.05836293493273296,0.0,0.0355453710949338,0.17590830602766677,556.594307788264,556.629853159359,2024-04-14 22:47:07,2024-07-12 08:15:48,2024-07-12 09:06:59,Friday,8
310,b,42,0,468.1993965628598,556.629853159359,3.885176566435348,0.082,0.1733234070764138,0.0,1.8131395612352268,2.0684629683116404,556.8851765664353,558.6983161276705,2024-04-14 22:47:07,2024-07-12 15:14:39,2024-07-14 10:45:34,Friday,15
310,e,43,0,468.1993965628598,558.6983161276706,5.832332781984178,0.082,0.05201665431349355,1.667667218015822,0.656590757339112,2.4582746296684275,560.5,561.1565907573391,2024-04-14 22:47:07,2024-07-16 06:00:00,2024-07-16 21:45:29,Tuesday,6
310,c,44,0,468.1993965628598,561.156590757339,1.262991356590419,0.041,0.06540059925137091,0.23700864340958105,0.8207353647296339,1.164144607390586,561.5,562.3207353647297,2024-04-14 22:47:07,2024-07-17 06:00:00,2024-07-18 01:41:51,Wednesday,6
310,d,45,0,468.1993965628598,562.3207353647296,2.4372289218289325,0.082,0.0344935570993552,0.06277107817106753,3.136799598764158,3.316064234034581,562.5,565.6367995987641,2024-04-14 22:47:07,2024-07-18 06:00:00,2024-07-21 09:16:59,Thursday,6
310,d,46,0,468.1993965628598,565.6367995987641,5.744349182764154,0.082,0.02554958400003208,1.7556508172358463,1.7256267221740844,3.5888271234099625,567.5,569.2256267221741,2024-04-14 22:47:07,2024-07-23 06:00:00,2024-07-24 23:24:54,Tuesday,6
310,c,47,0,468.1993965628598,569.2256267221741,2.3484370014191427,0.041,0.08181027924512584,0.1515629985808573,0.3808908038911571,0.6552640817171402,569.5000000000001,569.8808908038912,2024-04-14 22:47:07,2024-07-25 06:00:00,2024-07-25 15:08:28,Thursday,6
310,f,48,0,468.1993965628598,569.8808908038912,3.05249434414236,0.082,0.08960354025113354,0.4475056558576398,3.2605414531494716,3.879650649258245,570.5,573.7605414531495,2024-04-14 22:47:07,2024-07-26 06:00:00,2024-07-29 12:15:10,Friday,6
311,b,1,0,470.41940848067355,470.41940848067355,1.5866275926096023,0.123,0.044219111936028066,0.0,0.6115053182731249,0.7787244302091529,470.58662759260955,471.1981329108827,2024-04-17 04:03:56,2024-04-17 08:04:44,2024-04-17 22:45:18,Wednesday,8
311,f,2,0,470.41940848067355,471.1981329108827,2.5051233611252997,0.082,0.2249904502425952,0.0,0.02463852549345892,0.3316289757360541,471.5051233611253,471.52976188661876,2024-04-17 04:03:56,2024-04-18 06:07:22,2024-04-18 06:42:51,Thursday,6
311,f,3,0,470.41940848067355,471.52976188661876,2.712088961875452,0.123,0.05932707525670964,0.0,0.8058618364154392,0.9881889116721488,471.71208896187545,472.5179507982909,2024-04-17 04:03:56,2024-04-18 11:05:24,2024-04-19 06:25:50,Thursday,11
311,e,4,0,470.41940848067355,472.5179507982909,3.7045437111494834,0.082,0.10459291285862433,0.0,7.653250086722692,7.839842999581316,472.7045437111495,480.35779379787215,2024-04-17 04:03:56,2024-04-19 10:54:32,2024-04-27 02:35:13,Friday,10
312,e,1,0,472.10544222021474,472.10544222021474,3.342371977779976,0.123,0.11392975756520951,0.15762802222002392,1.3687315120170365,1.7632892918022698,472.49999999999994,473.868731512017,2024-04-18 20:31:50,2024-04-19 05:59:59,2024-04-20 14:50:58,Friday,5
312,c,2,0,472.10544222021474,473.868731512017,4.980305165930247,0.082,0.02957365391326233,0.0,0.27845229307947683,0.3900259469927392,473.98030516593025,474.2587574590097,2024-04-18 20:31:50,2024-04-20 17:31:38,2024-04-21 00:12:36,Saturday,17
312,d,3,0,472.10544222021474,474.25875745900976,5.632481987517053,0.123,0.2507245285072895,1.8675180124829467,3.156831054607795,5.3980735955980315,476.5,479.6568310546078,2024-04-18 20:31:50,2024-04-23 06:00:00,2024-04-26 09:45:50,Tuesday,6
312,c,4,0,472.10544222021474,479.6568310546078,3.904961599919318,0.082,0.16613054531154478,0.0,1.357044167648114,1.6051747129596587,479.9049615999193,481.2620057675674,2024-04-18 20:31:50,2024-04-26 15:43:08,2024-04-28 00:17:17,Friday,15
312,b,5,0,472.10544222021474,481.2620057675674,5.316182788046262,0.0,0.05417702047886966,2.1838172119537376,0.7914271767738187,3.029421409206426,483.5,484.2914271767738,2024-04-18 20:31:50,2024-04-30 06:00:00,2024-05-01 00:59:39,Tuesday,6
312,d,6,0,472.10544222021474,484.2914271767738,1.3686056397956463,0.041,0.03617846302181118,0.1313943602043537,0.07051281803359438,0.27908564125975927,484.5,484.5705128180336,2024-04-18 20:31:50,2024-05-01 06:00:00,2024-05-01 07:41:32,Wednesday,6
313,e,1,0,473.2984199676732,473.2984199676732,4.414323410449072,0.082,0.03390344277585269,0.08567658955092838,0.012922678371315749,0.21450271069809682,473.5,473.5129226783713,2024-04-20 01:09:43,2024-04-20 06:00:00,2024-04-20 06:18:36,Saturday,6
313,b,2,0,473.2984199676732,473.5129226783713,4.701539765384723,0.123,0.06561708701340484,0.0,0.10370441510441837,0.2923215021178232,473.70153976538467,473.80524418048907,2024-04-20 01:09:43,2024-04-20 10:50:13,2024-04-20 13:19:33,Saturday,10
313,b,3,0,473.2984199676732,473.8052441804891,5.012708247601381,0.082,0.12546406711225302,2.487291752398619,2.029397983743084,4.724153803253956,476.5,478.5293979837431,2024-04-20 01:09:43,2024-04-23 06:00:00,2024-04-25 06:42:19,Tuesday,6
313,d,4,0,473.2984199676732,478.5293979837431,2.6984913313511356,0.123,0.04609334760802842,0.0,0.28489209478412875,0.45398544239215716,478.6984913313511,478.9833834261352,2024-04-20 01:09:43,2024-04-25 10:45:49,2024-04-25 17:36:04,Thursday,10
313,f,5,0,473.2984199676732,478.9833834261352,3.039250807457506,0.041,0.014867381322284538,0.4607491925424938,0.8837243563702369,1.4003409302350152,479.5,480.38372435637024,2024-04-20 01:09:43,2024-04-26 06:00:00,2024-04-27 03:12:33,Friday,6
313,f,6,0,473.2984199676732,480.38372435637024,4.551860356835903,0.041,0.12713600046567147,0.0,19.892476988075167,20.06061298854084,480.5518603568359,500.44433734491105,2024-04-20 01:09:43,2024-04-27 07:14:40,2024-05-17 04:39:50,Saturday,7
313,f,7,0,473.2984199676732,500.4443373449111,3.533370213873752,0.041,0.048032868962622655,0.0,11.597676799394637,11.68670966835726,500.53337021387375,512.1310470132684,2024-04-20 01:09:43,2024-05-17 06:48:03,2024-05-28 21:08:42,Friday,6
313,d,8,0,473.2984199676732,512.1310470132684,1.1790226978865803,0.041,0.006975684618183895,0.3209773021134197,8.014398705913742,8.383351692645345,512.5,520.5143987059138,2024-04-20 01:09:43,2024-05-29 06:00:00,2024-06-06 06:20:44,Wednesday,6
313,f,9,0,473.2984199676732,520.5143987059137,2.6076662061309435,0.082,0.011267500217300745,0.0,0.23619848937506127,0.329465989592362,520.607666206131,520.843864695506,2024-04-20 01:09:43,2024-06-06 08:35:02,2024-06-06 14:15:09,Thursday,8
314,f,1,0,474.2014959043807,474.2014959043807,5.435113771303634,0.041,0.19261786692292282,2.0648862286963663,0.4203724720548322,2.7188765676741213,476.5,476.92037247205485,2024-04-20 22:50:09,2024-04-23 06:00:00,2024-04-23 16:05:20,Tuesday,6
314,c,2,0,474.2014959043807,476.9203724720548,1.0884043295764059,0.123,0.04503185752158519,0.41159567042359413,0.7652002432437341,1.3448277711889136,477.49999999999994,478.26520024324367,2024-04-20 22:50:09,2024-04-24 05:59:59,2024-04-25 00:21:53,Wednesday,5
314,c,3,0,474.2014959043807,478.2652002432437,2.4172254949945113,0.123,0.029025251750810555,0.08277450500548866,1.3871898855873175,1.6219896423436166,478.5,479.8871898855873,2024-04-20 22:50:09,2024-04-25 06:00:00,2024-04-26 15:17:33,Thursday,6
314,b,4,0,474.2014959043807,479.88718988558736,4.057636908450661,0.123,0.047447022863308985,0.44236309154933906,0.5589404239106899,1.171750538323338,480.5,481.0589404239107,2024-04-20 22:50:09,2024-04-27 06:00:00,2024-04-27 19:24:52,Saturday,6
314,f,5,0,474.2014959043807,481.0589404239107,5.141953584301746,0.0,0.08301316039100895,2.3580464156982543,4.237595314386547,6.67865489047581,483.5,487.73759531438657,2024-04-20 22:50:09,2024-04-30 06:00:00,2024-05-04 11:42:08,Tuesday,6
315,d,1,0,478.15783753637,478.15783753637,2.3089564763391195,0.082,0.06911893996913526,0.1910435236608805,0.6560656915466943,0.99822815517671,478.5,479.1560656915467,2024-04-24 21:47:17,2024-04-25 06:00:00,2024-04-25 21:44:44,Thursday,6
315,f,2,0,478.15783753637,479.1560656915467,3.2004948808161657,0.041,0.0034291892694848706,0.29950511918383427,0.08125981686596623,0.42519412531928535,479.5,479.58125981686595,2024-04-24 21:47:17,2024-04-26 06:00:00,2024-04-26 07:57:00,Friday,6
316,d,1,0,479.51263868770457,479.51263868770457,3.7609168696992015,0.0,0.24827818199462573,0.0,0.9817341106568394,1.2300122926514652,479.7609168696992,480.742650980356,2024-04-26 06:18:11,2024-04-26 12:15:43,2024-04-27 11:49:25,Friday,12
316,b,2,0,479.51263868770457,480.742650980356,4.956457706200013,0.082,0.1318067258440203,0.0,0.02237134558326889,0.23617807142728922,480.9564577062,480.9788290517833,2024-04-26 06:18:11,2024-04-27 16:57:17,2024-04-27 17:29:30,Saturday,16
317,e,1,0,480.1301656550532,480.1301656550532,4.28767028819891,0.082,0.07550463314571787,0.21232971180108962,0.36009413640368226,0.7299284813504898,480.5,480.8600941364037,2024-04-26 21:07:26,2024-04-27 06:00:00,2024-04-27 14:38:32,Saturday,6
317,f,2,0,480.1301656550532,480.8600941364037,5.111499783491695,0.123,0.12840564708800553,2.388500216508305,0.02455409933957315,2.664459962935884,483.5,483.5245540993396,2024-04-26 21:07:26,2024-04-30 06:00:00,2024-04-30 06:35:21,Tuesday,6
317,b,3,0,480.1301656550532,483.5245540993396,0.6838312688922201,0.041,0.11827716955265327,0.0,1.0757332954402856,1.235010464992939,483.6838312688922,484.7595645643325,2024-04-26 21:07:26,2024-04-30 10:24:43,2024-05-01 12:13:46,Tuesday,10
317,c,4,0,480.1301656550532,484.7595645643325,1.838966388990741,0.041,0.03840182465824188,0.0,0.9238925549678704,1.0032943796261122,484.83896638899074,485.76285894395863,2024-04-26 21:07:26,2024-05-01 14:08:06,2024-05-02 12:18:31,Wednesday,14
317,b,5,0,480.1301656550532,485.7628589439586,2.8710014371629313,0.082,0.026142493204352635,0.0,2.2530475364946554,2.361190029699008,485.87100143716293,488.1240489736576,2024-04-26 21:07:26,2024-05-02 14:54:14,2024-05-04 20:58:37,Thursday,14
317,b,6,0,480.1301656550532,488.1240489736576,5.166390464913434,0.041,0.0013414912558679165,2.333609535086566,0.903829119163849,3.279780145506283,490.5,491.40382911916385,2024-04-26 21:07:26,2024-05-07 06:00:00,2024-05-08 03:41:30,Tuesday,6
317,d,7,0,480.1301656550532,491.40382911916385,1.6126413887237163,0.082,0.12681226955985234,0.0,2.0373360242862217,2.246148293846074,491.6126413887237,493.64997741300994,2024-04-26 21:07:26,2024-05-08 08:42:12,2024-05-10 09:35:58,Wednesday,8
318,b,1,0,484.02510439145357,484.02510439145357,1.3318611916141094,0.123,0.18375680016051965,0.16813880838589057,2.7639633807084425,3.2388589892548527,484.49999999999994,487.2639633807084,2024-04-30 18:36:09,2024-05-01 05:59:59,2024-05-04 00:20:06,Wednesday,5
318,c,2,0,484.02510439145357,487.26396338070845,4.42612905123309,0.082,0.08016567052463237,0.0738709487669098,2.373724012680065,2.609760631971607,487.5,489.87372401268004,2024-04-30 18:36:09,2024-05-04 06:00:00,2024-05-06 14:58:09,Saturday,6
318,f,3,0,484.02510439145357,489.87372401268004,6.916949596499535,0.041,0.002225583819490102,0.5830504035004651,0.8621085298402678,1.488384517160223,490.5,491.36210852984027,2024-04-30 18:36:09,2024-05-07 06:00:00,2024-05-08 02:41:26,Tuesday,6
318,d,4,0,484.02510439145357,491.36210852984027,1.516693539155142,0.0,0.15458500931485267,0.0,0.18451668049877465,0.3391016898136273,491.51669353915514,491.70121021965394,2024-04-30 18:36:09,2024-05-08 06:24:02,2024-05-08 10:49:44,Wednesday,6
318,d,5,0,484.02510439145357,491.7012102196539,1.932429387021557,0.082,0.1492191673676771,0.0,7.042980718569265,7.274199885936943,491.93242938702156,498.9754101055908,2024-04-30 18:36:09,2024-05-08 16:22:41,2024-05-15 17:24:35,Wednesday,16
318,c,6,0,484.02510439145357,498.9754101055908,2.1537712827258133,0.082,0.09636117713497627,0.3462287172741867,5.635533526949859,6.160123421359023,499.49999999999994,505.1355335269498,2024-04-30 18:36:09,2024-05-16 05:59:59,2024-05-21 21:15:10,Thursday,5
318,d,7,0,484.02510439145357,505.1355335269498,1.219619235552841,0.082,0.0020857086030533927,0.280380764447159,10.04366160835262,10.408128081402833,505.5,515.5436616083526,2024-04-30 18:36:09,2024-05-22 06:00:00,2024-06-01 07:02:52,Wednesday,6
319,c,1,0,486.82724869163934,486.82724869163934,3.9716294101270364,0.041,0.10338071848772193,0.0,0.38003980591061504,0.524420524398337,486.97162941012704,487.35166921603764,2024-05-03 13:51:14,2024-05-03 17:19:08,2024-05-04 02:26:24,Friday,17
319,d,2,0,486.82724869163934,487.3516692160377,4.580890408426399,0.082,0.14722119238871198,0.0,0.02032183481449538,0.24954302720320734,487.5808904084264,487.60121224324087,2024-05-03 13:51:14,2024-05-04 07:56:28,2024-05-04 08:25:44,Saturday,7
319,c,3,0,486.82724869163934,487.6012122432409,4.89762480321383,0.041,0.25541255997288265,0.0,2.9278590412103407,3.224271601183223,487.89762480321383,490.8254838444242,2024-05-03 13:51:14,2024-05-04 15:32:34,2024-05-07 13:48:41,Saturday,15
320,f,1,0,488.5529467445211,488.5529467445211,5.927292532980857,0.041,0.3333457884597535,1.5727074670191428,6.6189425631633805,8.565995818642277,490.5,497.1189425631634,2024-05-05 07:16:14,2024-05-07 06:00:00,2024-05-13 20:51:16,Tuesday,6
320,c,2,0,488.5529467445211,497.11894256316333,0.356088935483001,0.041,0.19614637231967988,0.14391106451699898,12.148313312451467,12.529370749288146,497.5,509.6483133124515,2024-05-05 07:16:14,2024-05-14 06:00:00,2024-05-26 09:33:34,Tuesday,6
320,f,3,0,488.5529467445211,509.6483133124515,5.976738679969571,0.082,0.24642536751810648,1.5232613200304286,2.587993636571751,4.439680324120285,511.5,514.0879936365717,2024-05-05 07:16:14,2024-05-28 06:00:00,2024-05-30 20:06:42,Tuesday,6
320,d,4,0,488.5529467445211,514.0879936365718,3.428219235493657,0.041,0.29922559892179135,0.07178076450634308,0.20178826774950906,0.6137946311776434,514.5,514.7017882677495,2024-05-05 07:16:14,2024-05-31 06:00:00,2024-05-31 10:50:34,Friday,6
320,b,5,0,488.5529467445211,514.7017882677494,3.7951889878654583,0.041,0.05240072011604115,0.0,0.7548578161524703,0.8482585362685114,514.7951889878655,515.5500468040179,2024-05-05 07:16:14,2024-05-31 13:05:04,2024-06-01 07:12:04,Friday,13
320,e,6,0,488.5529467445211,515.5500468040179,4.7648472805045685,0.041,0.1738004764866303,0.0,1.7344812563126173,1.9492817327992475,515.7648472805046,517.4993285368172,2024-05-05 07:16:14,2024-06-01 12:21:22,2024-06-03 05:59:01,Saturday,12
320,c,7,0,488.5529467445211,517.4993285368172,6.6182883792763505,0.0,0.11895984245912183,0.8817116207236495,2.4838795192607326,3.484550982443504,518.5,520.9838795192608,2024-05-05 07:16:14,2024-06-04 06:00:00,2024-06-06 17:36:47,Tuesday,6
320,e,8,0,488.5529467445211,520.9838795192607,3.1424201589056793,0.082,0.07654063964501466,0.3575798410943207,1.8863314181959396,2.4024518989352748,521.5,523.3863314181959,2024-05-05 07:16:14,2024-06-07 06:00:00,2024-06-09 03:16:19,Friday,6
320,f,9,0,488.5529467445211,523.3863314181959,5.674593004925782,0.041,0.24726158672983267,1.8254069950742178,0.3704540745981416,2.484122656402192,525.5,525.8704540745981,2024-05-05 07:16:14,2024-06-11 06:00:00,2024-06-11 14:53:27,Tuesday,6
321,f,1,0,493.5722184957794,493.5722184957794,3.6737988058529254,0.041,0.060580310073508725,0.0,6.02461212798098,6.126192438054488,493.6737988058529,499.6984109338339,2024-05-10 07:43:59,2024-05-10 10:10:16,2024-05-16 10:45:42,Friday,10
322,e,1,0,494.66719166746657,494.66719166746657,4.768953949235879,0.0,0.101762281769303,0.0,0.08397134078078544,0.18573362255008846,494.7689539492359,494.8529252900167,2024-05-11 10:00:45,2024-05-11 12:27:17,2024-05-11 14:28:12,Saturday,12
322,b,2,0,494.66719166746657,494.85292529001663,4.939857483492915,0.082,0.004932193476276764,0.0,0.03060451954954908,0.11753671302582586,494.9398574834929,494.9704620030425,2024-05-11 10:00:45,2024-05-11 16:33:23,2024-05-11 17:17:27,Saturday,16
322,b,3,0,494.66719166746657,494.9704620030424,5.046650859328395,0.041,0.03518885628594059,2.4533491406716053,0.10248660757787256,2.6320246045354185,497.49999999999994,497.6024866075778,2024-05-11 10:00:45,2024-05-14 05:59:59,2024-05-14 08:27:34,Tuesday,5
323,e,1,0,495.0050989468864,495.0050989468864,5.072807639870575,0.041,0.026708692984205553,2.4271923601294247,1.3504171985453128,3.8453182516589433,497.5,498.8504171985453,2024-05-11 18:07:20,2024-05-14 06:00:00,2024-05-15 14:24:36,Tuesday,6
323,c,2,0,495.0050989468864,498.85041719854536,1.8863416866686293,0.0,0.03592448812324711,0.0,2.481958557860731,2.5178830459839783,498.88634168666863,501.36830024452934,2024-05-11 18:07:20,2024-05-15 15:16:19,2024-05-18 02:50:21,Wednesday,15
323,f,3,0,495.0050989468864,501.36830024452934,4.496663340920122,0.082,0.046363096390812576,0.0033366590798777906,1.691129486409529,1.8228292418802194,501.5,503.1911294864095,2024-05-11 18:07:20,2024-05-18 06:00:00,2024-05-19 22:35:13,Saturday,6
323,d,4,0,495.0050989468864,503.1911294864096,6.305353483466206,0.082,0.03222399705661141,1.194646516533794,0.10153591960434562,1.4104064331947512,504.5,504.6015359196044,2024-05-11 18:07:20,2024-05-21 06:00:00,2024-05-21 08:26:12,Tuesday,6
324,d,1,0,495.4752255503282,495.4752255503282,5.7736598477622465,0.082,0.21643429743402792,1.7263401522377535,0.2774782636297891,2.3022527133015704,497.5,497.7774782636298,2024-05-12 05:24:19,2024-05-14 06:00:00,2024-05-14 12:39:34,Tuesday,6
325,e,1,0,496.66621413767353,496.66621413767353,6.890759477682252,0.0,0.2245453400086942,0.609240522317748,0.8794068468456537,1.713192709172096,497.5,498.37940684684565,2024-05-13 09:59:20,2024-05-14 06:00:00,2024-05-15 03:06:20,Tuesday,6
326,c,1,0,496.96843731809577,496.96843731809577,0.06713278381874943,0.041,0.05769546572295664,0.43286721618125057,0.9789861046230667,1.510548786527274,497.49999999999994,498.478986104623,2024-05-13 17:14:32,2024-05-14 05:59:59,2024-05-15 05:29:44,Tuesday,5
326,c,2,0,496.96843731809577,498.47898610462306,1.5401272584259118,0.041,0.0201411538028573,0.0,9.025943445700339,9.087084599503196,498.5401272584259,507.5660707041263,2024-05-13 17:14:32,2024-05-15 06:57:46,2024-05-24 07:35:08,Wednesday,6
327,b,1,0,497.69802054699863,497.69802054699863,1.1181210883142398,0.082,0.3381005413155998,0.38187891168576016,0.019987213495191614,0.8219666664965516,498.5,498.5199872134952,2024-05-14 10:45:08,2024-05-15 06:00:00,2024-05-15 06:28:46,Wednesday,6
327,f,2,0,497.69802054699863,498.5199872134952,2.4266413947319165,0.123,0.7836541812366948,0.07335860526808347,0.05336738001527712,1.0333801665200555,499.49999999999994,499.55336738001523,2024-05-14 10:45:08,2024-05-16 05:59:59,2024-05-16 07:16:50,Thursday,5
327,f,3,0,497.69802054699863,499.55336738001523,2.8057198102858365,0.0,0.25235243027058074,0.0,0.5342092539010999,0.7865616841716806,499.80571981028584,500.33992906418695,2024-05-14 10:45:08,2024-05-16 13:20:14,2024-05-17 02:09:29,Thursday,13
327,b,4,0,497.69802054699863,500.3399290641869,3.527552654182955,0.123,0.0646235899960485,0.0,2.8977896130519247,3.085413203047973,500.52755265418295,503.4253422672349,2024-05-14 10:45:08,2024-05-17 06:39:40,2024-05-20 04:12:29,Friday,6
327,f,5,0,497.69802054699863,503.42534226723484,6.708136444547506,0.082,0.20079417731268415,0.791863555452494,0.9573634841329419,2.03202121689812,504.5,505.45736348413294,2024-05-14 10:45:08,2024-05-21 06:00:00,2024-05-22 04:58:36,Tuesday,6
328,d,1,0,501.34272047091616,501.34272047091616,4.415332093438451,0.041,0.03161162252229437,0.08466790656154899,0.3321427392379187,0.48942226832176206,501.5,501.8321427392379,2024-05-18 02:13:31,2024-05-18 06:00:00,2024-05-18 13:58:17,Saturday,6
328,c,2,0,501.34272047091616,501.83214273923795,4.845484144376542,0.0,0.013341405138609156,0.0,1.4502728241743488,1.463614229312958,501.84548414437654,503.2957569685509,2024-05-18 02:13:31,2024-05-18 14:17:29,2024-05-20 01:05:53,Saturday,14
329,f,1,0,501.7304565277967,501.7304565277967,4.864798893893578,0.123,0.011342366096837544,0.0,0.47627875191924895,0.6106211180160865,501.8647988938935,502.3410776458128,2024-05-18 11:31:51,2024-05-18 14:45:18,2024-05-19 02:11:09,Saturday,14
329,b,2,0,501.7304565277967,502.3410776458128,5.425213188148348,0.041,0.04313554233558173,2.074786811851652,0.013237088881513176,2.1721594430687468,504.5,504.5132370888815,2024-05-18 11:31:51,2024-05-21 06:00:00,2024-05-21 06:19:03,Tuesday,6
329,d,3,0,501.7304565277967,504.5132370888815,0.6838460752369997,0.041,0.12960898635550386,0.0,2.3867633671406314,2.5573723534961355,504.683846075237,507.07060944237764,2024-05-18 11:31:51,2024-05-21 10:24:44,2024-05-23 19:41:40,Tuesday,10
329,d,4,0,501.7304565277967,507.07060944237764,3.3010368544009907,0.123,0.1074274120233648,0.1989631455990093,0.09932320662988393,0.528713764252258,507.5,507.5993232066299,2024-05-18 11:31:51,2024-05-24 06:00:00,2024-05-24 08:23:01,Friday,6
329,f,5,0,501.7304565277967,507.5993232066299,3.7420746403767,0.041,0.10175143374683471,0.0,17.503925362242555,17.64667679598939,507.7420746403767,525.2460000026192,2024-05-18 11:31:51,2024-05-24 11:48:35,2024-06-10 23:54:14,Friday,11
329,f,6,0,501.7304565277967,525.2460000026193,0.39992029336428914,0.041,0.11292029074497648,0.10007970663571086,8.907450002632606,9.161450000013293,525.5000000000001,534.4074500026327,2024-05-18 11:31:51,2024-06-11 06:00:00,2024-06-20 03:46:43,Tuesday,6
329,b,7,0,501.7304565277967,534.4074500026326,2.6361731354185167,0.0,0.22872313278599835,0.0,1.0737417976272878,1.3024649304132863,534.6361731354185,535.7099149330458,2024-05-18 11:31:51,2024-06-20 09:16:05,2024-06-21 11:02:16,Thursday,9
329,e,8,0,501.7304565277967,535.7099149330459,3.9391228845578325,0.123,0.10620795151194345,0.0,0.17342626086153867,0.4026342123734821,535.9391228845578,536.1125491454194,2024-05-18 11:31:51,2024-06-21 16:32:20,2024-06-21 20:42:04,Friday,16
329,f,9,0,501.7304565277967,536.1125491454194,4.209382239935621,0.041,0.055833094516237025,0.29061776006437867,0.28978290030859477,0.6772337548892104,536.5000000000001,536.7897829003088,2024-05-18 11:31:51,2024-06-22 06:00:00,2024-06-22 12:57:17,Saturday,6
329,d,10,0,501.7304565277967,536.7897829003086,4.844730427158652,0.041,0.01394752685004283,0.0,9.189152614688632,9.244100141538675,536.8447304271588,546.0338830418474,2024-05-18 11:31:51,2024-06-22 14:16:24,2024-07-01 18:48:47,Saturday,14
329,f,11,0,501.7304565277967,546.0338830418473,0.28866282454555403,0.082,0.17277978269825034,0.21133717545444597,0.8554742518250044,1.3215912099777007,546.5,547.3554742518251,2024-05-18 11:31:51,2024-07-02 06:00:00,2024-07-03 02:31:52,Tuesday,6
329,e,12,0,501.7304565277967,547.355474251825,1.735958659845096,0.0,0.3804844080201443,0.0,3.1708596522047663,3.5513440602249107,547.7359586598451,550.9068183120498,2024-05-18 11:31:51,2024-07-03 11:39:46,2024-07-06 15:45:49,Wednesday,11
329,b,13,0,501.7304565277967,550.9068183120498,4.999364408589145,0.041,0.051546096539314384,0.0,0.3065102819854794,0.3990563785247938,550.9993644085893,551.3058746905747,2024-05-18 11:31:51,2024-07-06 17:59:05,2024-07-07 01:20:27,Saturday,17
329,d,14,0,501.7304565277967,551.3058746905747,5.440753426093693,0.082,0.05287873551900242,2.0592465739063073,1.1332059466256066,3.3273312560509165,553.5,554.6332059466256,2024-05-18 11:31:51,2024-07-09 06:00:00,2024-07-10 09:11:48,Tuesday,6
329,f,15,0,501.7304565277967,554.6332059466256,1.7175824449265065,0.082,0.0023764983009197833,0.0,0.13333833170804954,0.21771483000896932,554.7175824449265,554.8509207766346,2024-05-18 11:31:51,2024-07-10 11:13:19,2024-07-10 14:25:19,Wednesday,11
329,c,16,0,501.7304565277967,554.8509207766346,1.9956063317018788,0.041,0.1036855550673048,0.0,4.477959055832744,4.622644610900049,554.9956063317019,559.4735653875347,2024-05-18 11:31:51,2024-07-10 17:53:40,2024-07-15 05:21:56,Wednesday,17
330,b,1,0,503.91202389854794,503.91202389854794,0.021424657537750136,0.041,0.06840075898982075,0.47857534246224986,1.0343190729799605,1.622295174432031,504.5,505.53431907297994,2024-05-20 15:53:18,2024-05-21 06:00:00,2024-05-22 06:49:25,Tuesday,6
331,d,1,0,504.01979838864634,504.01979838864634,0.13634336562535054,0.082,0.03454497697901339,0.36365663437464946,0.42292080878665755,0.9031224201403204,504.5,504.92292080878667,2024-05-20 18:28:30,2024-05-21 06:00:00,2024-05-21 16:09:00,Tuesday,6
331,c,2,0,504.01979838864634,504.92292080878667,1.1454737475323213,0.123,0.09955293874564458,0.35452625246767866,0.031224885429334357,0.6083040766426576,505.5,505.5312248854293,2024-05-20 18:28:30,2024-05-22 06:00:00,2024-05-22 06:44:57,Wednesday,6
331,c,3,0,504.01979838864634,505.5312248854293,1.6514195596013792,0.041,0.07919467417205774,0.0,1.7026357622788295,1.8228304364508872,505.6514195596014,507.3540553218802,2024-05-20 18:28:30,2024-05-22 09:38:02,2024-05-24 02:29:50,Wednesday,9
331,d,4,0,504.01979838864634,507.3540553218802,3.5626976868132374,0.082,0.12664236493306044,0.0,0.24719784967481423,0.45584021460787466,507.56269768681324,507.80989553648806,2024-05-20 18:28:30,2024-05-24 07:30:17,2024-05-24 13:26:14,Friday,7
332,b,1,0,505.99089248709697,505.99089248709697,2.0414501838724277,0.041,0.009557696775434645,0.4585498161275723,1.245391482358088,1.754498995261095,506.5,507.7453914823581,2024-05-22 17:46:53,2024-05-23 06:00:00,2024-05-24 11:53:21,Thursday,6
332,e,2,0,505.99089248709697,507.74539148235806,3.7986494949458915,0.0,0.0532580125878429,0.0,1.4689707231926694,1.5222287357805122,507.7986494949459,509.2676202181386,2024-05-22 17:46:53,2024-05-24 13:10:03,2024-05-26 00:25:22,Friday,13
333,b,1,0,506.14694215820276,506.14694215820276,2.238806666771609,0.082,0.009864508568859504,0.2611933332283911,1.4088586920558535,1.7619165338531042,506.5,507.90885869205584,2024-05-22 21:31:35,2024-05-23 06:00:00,2024-05-24 15:48:45,Thursday,6
333,c,2,0,506.14694215820276,507.90885869205584,3.965109844154597,0.0,0.05625115209872692,0.0,0.27238322938490356,0.3286343814836305,507.9651098441546,508.2374930735395,2024-05-22 21:31:35,2024-05-24 17:09:45,2024-05-24 23:41:59,Friday,17
333,e,3,0,506.14694215820276,508.2374930735395,4.474931450587576,0.082,0.1554383770480609,0.02506854941242409,0.02699738844754902,0.289504314908034,508.5,508.52699738844757,2024-05-22 21:31:35,2024-05-25 06:00:00,2024-05-25 06:38:52,Saturday,6
333,b,4,0,506.14694215820276,508.5269973884475,4.59761596074253,0.041,0.02961857229499536,0.0,0.37546540575876886,0.4460839780537642,508.59761596074253,508.9730813665013,2024-05-22 21:31:35,2024-05-25 08:20:34,2024-05-25 17:21:14,Saturday,8
333,d,5,0,506.14694215820276,508.9730813665013,5.0507443465852475,0.041,0.036662980083968795,2.4492556534147525,4.659161800589283,7.186080434088004,511.5,516.1591618005892,2024-05-22 21:31:35,2024-05-28 06:00:00,2024-06-01 21:49:11,Tuesday,6
333,c,6,0,506.14694215820276,516.1591618005892,5.321889310689812,0.082,0.0807275101006329,2.178110689310188,0.9715516277702907,3.3123898271811116,518.5,519.4715516277703,2024-05-22 21:31:35,2024-06-04 06:00:00,2024-06-05 05:19:02,Tuesday,6
334,d,1,0,507.2015572079933,507.2015572079933,3.310642941053004,0.041,0.06808573305971134,0.18935705894699595,1.34712100109637,1.645563793103077,507.5,508.84712100109635,2024-05-23 22:50:14,2024-05-24 06:00:00,2024-05-25 14:19:51,Friday,6
334,c,2,0,507.2015572079933,508.84712100109635,5.1456927709474485,0.041,0.25757176985110347,2.3543072290525515,0.4059285117243683,3.0588075106280233,511.5,511.90592851172437,2024-05-23 22:50:14,2024-05-28 06:00:00,2024-05-28 15:44:32,Tuesday,6
334,c,3,0,507.2015572079933,511.90592851172437,1.16027139340747,0.082,0.1723428816830608,0.33972860659253,4.184010563372523,4.778082051648114,512.5,516.6840105633726,2024-05-23 22:50:14,2024-05-29 06:00:00,2024-06-02 10:24:58,Wednesday,6
335,e,1,0,510.93011480313066,510.93011480313066,6.9754113298995435,0.041,0.004296526768876439,0.5245886701004565,0.4955400446079286,1.0654252414772616,511.5,511.99554004460794,2024-05-27 16:19:21,2024-05-28 06:00:00,2024-05-28 17:53:34,Tuesday,6
335,d,2,0,510.93011480313066,511.99554004460794,1.104829196707101,0.082,0.027289152099146716,0.3951708032928991,0.6647891026456911,1.169249058037737,512.5,513.1647891026457,2024-05-27 16:19:21,2024-05-29 06:00:00,2024-05-29 21:57:17,Wednesday,6
335,e,3,0,510.93011480313066,513.1647891026457,2.3063391323618134,0.082,0.05955002971607211,0.19366086763818657,0.6189129987727962,0.9541238961270548,513.5,514.1189129987728,2024-05-27 16:19:21,2024-05-30 06:00:00,2024-05-30 20:51:14,Thursday,6
335,b,4,0,510.93011480313066,514.1189129987728,3.280805594427534,0.123,0.03889259565471422,0.21919440557246617,4.159125925351446,4.540212926578626,514.5,518.6591259253514,2024-05-27 16:19:21,2024-05-31 06:00:00,2024-06-04 09:49:08,Friday,6
335,e,5,0,510.93011480313066,518.6591259253514,0.7218901024843944,0.041,0.02176417713294372,0.0,0.34322184308548037,0.4059860202184241,518.7218901024844,519.0651119455699,2024-05-27 16:19:21,2024-06-04 11:19:31,2024-06-04 19:33:45,Tuesday,11
335,f,6,0,510.93011480313066,519.0651119455698,1.4042604592804082,0.082,0.2571485137105899,0.09573954071959179,1.3134431506094784,1.74833120503966,519.5,520.8134431506095,2024-05-27 16:19:21,2024-06-05 06:00:00,2024-06-06 13:31:21,Wednesday,6
335,f,7,0,510.93011480313066,520.8134431506095,3.051795225741216,0.041,0.19735207513169406,0.4482047742587838,3.1964202773515566,3.8829771267420345,521.5,524.6964202773515,2024-05-27 16:19:21,2024-06-07 06:00:00,2024-06-10 10:42:50,Friday,6
335,c,8,0,510.93011480313066,524.6964202773515,6.762623278217234,0.041,0.025203000865720623,0.7373767217827663,1.1682335327151572,1.971813255363644,525.5000000000001,526.6682335327152,2024-05-27 16:19:21,2024-06-11 06:00:00,2024-06-12 10:02:15,Tuesday,6
335,f,9,0,510.93011480313066,526.6682335327151,1.7944034203674164,0.123,0.0031698876522719475,0.0,0.03983204763958973,0.16600193529186166,526.7944034203674,526.834235468007,2024-05-27 16:19:21,2024-06-12 13:03:56,2024-06-12 14:01:17,Wednesday,13
336,e,1,0,511.81259734895315,511.81259734895315,0.9038917469975445,0.0,0.09129439804442363,0.0,2.3203159973667553,2.411610395411179,511.90389174699754,514.2242077443643,2024-05-28 13:30:08,2024-05-28 15:41:36,2024-05-30 23:22:51,Tuesday,15
336,e,2,0,511.81259734895315,514.2242077443643,3.279848541879005,0.041,0.014640797514645308,0.2201514581209949,3.085645071183067,3.361437326818707,514.5,517.5856450711831,2024-05-28 13:30:08,2024-05-31 06:00:00,2024-06-03 08:03:19,Friday,6
336,f,3,0,511.81259734895315,517.5856450711831,6.6943841670240545,0.041,0.06773909584096588,0.8056158329759455,0.34684041320019443,1.2611953420171058,518.5,518.8468404132002,2024-05-28 13:30:08,2024-06-04 06:00:00,2024-06-04 14:19:27,Tuesday,6
337,d,1,0,512.6964717714718,512.6964717714718,1.9631401456817912,0.123,0.14366837420996795,0.0,0.40899578880271104,0.675664163012679,512.9631401456818,513.3721359344845,2024-05-29 10:42:55,2024-05-29 17:06:55,2024-05-30 02:55:52,Wednesday,17
338,e,1,0,512.7095482392735,512.7095482392735,1.8667896531621864,0.041,0.11624141388867851,0.0,0.028872039233835488,0.186113453122514,512.8667896531623,512.8956616923962,2024-05-29 11:01:44,2024-05-29 14:48:10,2024-05-29 15:29:45,Wednesday,14
339,d,1,0,514.8361456133072,514.8361456133072,3.914433027156633,0.041,0.03728741384950462,0.0,0.13543983084247369,0.2137272446919783,514.9144330271567,515.0498728579993,2024-05-31 14:04:02,2024-05-31 15:56:47,2024-05-31 19:11:49,Friday,15
339,e,2,0,514.8361456133072,515.0498728579992,4.178296602706951,0.082,0.046423744707778804,0.3217033972930494,0.3856973646200125,0.8358245066208407,515.5,515.88569736462,2024-05-31 14:04:02,2024-06-01 06:00:00,2024-06-01 15:15:24,Saturday,6
339,c,3,0,514.8361456133072,515.88569736462,5.318422294597099,0.041,0.39172492997706637,2.1815777054029013,3.049731090535775,5.6640337259157425,518.5,521.5497310905358,2024-05-31 14:04:02,2024-06-04 06:00:00,2024-06-07 07:11:36,Tuesday,6
339,d,4,0,514.8361456133072,521.5497310905357,3.590753539505158,0.041,2.2448969423389503e-05,0.0,0.36937317171889156,0.4103956206883149,521.5907535395052,521.960126711224,2024-05-31 14:04:02,2024-06-07 08:10:41,2024-06-07 17:02:34,Friday,8
339,d,5,0,514.8361456133072,521.960126711224,4.174594641422459,0.082,0.13246793019850597,0.32540535857754094,2.290538121489361,2.830411410265408,522.5,524.7905381214894,2024-05-31 14:04:02,2024-06-08 06:00:00,2024-06-10 12:58:22,Saturday,6
339,d,6,0,514.8361456133072,524.7905381214894,6.9721042256408055,0.082,0.09956610415139606,0.5278957743591945,0.1526889866347597,0.8621508651453503,525.5,525.6526889866348,2024-05-31 14:04:02,2024-06-11 06:00:00,2024-06-11 09:39:52,Tuesday,6
339,f,7,0,514.8361456133072,525.6526889866348,0.7291168259006326,0.041,0.03542783926586202,0.0,0.28219318241856395,0.358621021684426,525.7291168259006,526.0113100083192,2024-05-31 14:04:02,2024-06-11 11:29:55,2024-06-11 18:16:17,Tuesday,11
339,f,8,0,514.8361456133072,526.0113100083191,1.1757202894013972,0.041,0.12341028108221551,0.32427971059860283,0.14241178021219916,0.6311017718930175,526.5,526.6424117802122,2024-05-31 14:04:02,2024-06-12 06:00:00,2024-06-12 09:25:04,Wednesday,6
339,d,9,0,514.8361456133072,526.6424117802121,1.7560740551432445,0.082,0.03166227493110644,0.0,3.8785430988449163,3.992205373776023,526.7560740551432,530.6346171539882,2024-05-31 14:04:02,2024-06-12 12:08:44,2024-06-16 09:13:50,Wednesday,12
339,b,10,0,514.8361456133072,530.6346171539882,5.6928154565792966,0.041,0.01719830259107796,1.8071845434207034,0.3231275485543497,2.1885103945661313,532.5,532.8231275485543,2024-05-31 14:04:02,2024-06-18 06:00:00,2024-06-18 13:45:18,Tuesday,6
339,f,11,0,514.8361456133072,532.8231275485543,1.236197966262921,0.082,0.3310704177085316,0.263802033737079,6.423108922035694,7.099981373481304,533.5,539.9231089220357,2024-05-31 14:04:02,2024-06-19 06:00:00,2024-06-25 16:09:16,Wednesday,6
339,b,12,0,514.8361456133072,539.9231089220357,1.1078411728029778,0.041,0.14373225076729151,0.3921588271970222,0.37496182213247914,0.9518529000967928,540.5,540.8749618221325,2024-05-31 14:04:02,2024-06-26 06:00:00,2024-06-26 14:59:56,Wednesday,6
339,b,13,0,514.8361456133072,540.8749618221325,2.089315331058401,0.082,0.13235350892593195,0.41068466894159883,0.7635518985713062,1.388590076438837,541.5,542.2635518985713,2024-05-31 14:04:02,2024-06-27 06:00:00,2024-06-28 00:19:30,Thursday,6
339,c,14,0,514.8361456133072,542.2635518985713,3.3841844566268264,0.041,0.07963255805544224,0.11581554337317357,3.015384036894222,3.251832138322838,542.5,545.5153840368943,2024-05-31 14:04:02,2024-06-28 06:00:00,2024-07-01 06:22:09,Friday,6
339,d,15,0,514.8361456133072,545.5153840368941,6.618720331189252,0.082,0.021336294295134745,0.8812796688107483,0.7234873893074464,1.7081033524133296,546.5,547.2234873893075,2024-05-31 14:04:02,2024-07-02 06:00:00,2024-07-02 23:21:49,Tuesday,6
339,c,16,0,514.8361456133072,547.2234873893075,1.379246752284189,0.082,0.07375936297665729,0.12075324771581109,0.6379720000150414,0.9144846107075097,547.4999999999999,548.1379720000149,2024-05-31 14:04:02,2024-07-03 05:59:59,2024-07-03 21:18:40,Wednesday,5
339,d,17,0,514.8361456133072,548.137972000015,2.281533269986653,0.123,0.020561269971710698,0.21846673001334693,0.01734549487863764,0.37937349486369526,548.5000000000001,548.5173454948788,2024-05-31 14:04:02,2024-07-04 06:00:00,2024-07-04 06:24:58,Thursday,6
339,c,18,0,514.8361456133072,548.5173454948787,2.604711356292796,0.082,0.005365861414132221,0.0,7.9459795286375074,8.03334539005164,548.6047113562928,556.5506908849303,2024-05-31 14:04:02,2024-07-04 08:30:47,2024-07-12 07:12:59,Thursday,8
339,e,19,0,514.8361456133072,556.5506908849303,3.680542509444763,0.0,0.12985162451444104,0.0,0.6118776600767047,0.7417292845911458,556.6805425094448,557.2924201695215,2024-05-31 14:04:02,2024-07-12 10:19:58,2024-07-13 01:01:05,Friday,10
339,c,20,0,514.8361456133072,557.2924201695215,4.368591946300285,0.041,0.03517177677881191,0.1314080536997153,16.02314190797227,16.230721738450796,557.5000000000001,573.5231419079723,2024-05-31 14:04:02,2024-07-13 06:00:00,2024-07-29 06:33:19,Saturday,6
339,e,21,0,514.8361456133072,573.5231419079723,6.671447787292436,0.082,0.0663058793200496,0.8285522127075637,3.0502537942928445,4.027111886320458,574.4999999999999,577.5502537942928,2024-05-31 14:04:02,2024-07-30 05:59:59,2024-08-02 07:12:21,Tuesday,5
340,b,1,0,515.4256437370868,515.4256437370868,4.515441224412712,0.082,0.00779748732583013,0.0,1.2095625868960873,1.2993600742219173,515.5154412244126,516.7250038113087,2024-06-01 04:12:55,2024-06-01 06:22:14,2024-06-02 11:24:00,Saturday,6
340,b,2,0,515.4256437370868,516.7250038113087,5.91060561461984,0.123,0.06260180331108997,1.5893943853801602,0.18528738551544588,1.960283574206696,518.5,518.6852873855155,2024-06-01 04:12:55,2024-06-04 06:00:00,2024-06-04 10:26:48,Tuesday,6
340,c,3,0,515.4256437370868,518.6852873855154,0.7829557993180742,0.082,0.015668413802709665,0.0,2.2476868573995294,2.345355271202239,518.7829557993181,521.0306426567176,2024-06-01 04:12:55,2024-06-04 12:47:27,2024-06-06 18:44:07,Tuesday,12
340,c,4,0,515.4256437370868,521.0306426567176,3.1807716736079783,0.082,0.0681290168903842,0.3192283263920217,1.0248436737316502,1.494201017014056,521.5,522.5248436737317,2024-06-01 04:12:55,2024-06-07 06:00:00,2024-06-08 06:35:46,Friday,6
340,d,5,0,515.4256437370868,522.5248436737317,4.616502920874723,0.082,0.009659247143075764,0.0,11.73902681469517,11.830686061838247,522.6165029208747,534.3555297355699,2024-06-01 04:12:55,2024-06-08 08:47:45,2024-06-20 02:31:57,Saturday,8
340,e,6,0,515.4256437370868,534.3555297355699,2.4405018837099988,0.041,0.043972148140037255,0.059498116290001235,2.162086431435823,2.3065566958658614,534.5,536.6620864314358,2024-06-01 04:12:55,2024-06-20 06:00:00,2024-06-22 09:53:24,Thursday,6
340,b,7,0,515.4256437370868,536.6620864314358,4.812636670753136,0.123,0.027550239317390958,0.0,0.9679330320326351,1.1184832713500261,536.8126366707532,537.7805697027859,2024-06-01 04:12:55,2024-06-22 13:30:11,2024-06-23 12:44:01,Saturday,13
340,b,8,0,515.4256437370868,537.7805697027858,5.946452805225363,0.082,0.0838831024395461,1.5535471947746373,0.11479437480592886,1.8342246720201123,539.5,539.6147943748059,2024-06-01 04:12:55,2024-06-25 06:00:00,2024-06-25 08:45:18,Tuesday,6
340,b,9,0,515.4256437370868,539.6147943748059,0.848663413241411,0.041,0.19286903843545994,0.0,14.351263188492931,14.58513222692839,539.8486634132414,554.1999266017343,2024-06-01 04:12:55,2024-06-25 14:22:04,2024-07-09 22:47:53,Tuesday,14
340,b,10,0,515.4256437370868,554.1999266017343,1.328475013875277,0.123,0.005548412140928457,0.171524986124723,0.9860947544176966,1.2861681526833482,554.5,555.4860947544176,2024-06-01 04:12:55,2024-07-10 06:00:00,2024-07-11 05:39:58,Wednesday,6
340,f,11,0,515.4256437370868,555.4860947544176,2.548002446725036,0.041,0.020907692307393803,0.0,2.6969657895982433,2.758873481905637,555.5480024467251,558.2449682363234,2024-06-01 04:12:55,2024-07-11 07:09:07,2024-07-13 23:52:45,Thursday,7
341,e,1,0,516.427715591616,516.427715591616,5.709276774461841,0.082,0.19956118284579746,1.7907232255381587,1.2209247479682506,3.293209156352207,518.4999999999999,519.7209247479682,2024-06-02 04:15:54,2024-06-04 05:59:59,2024-06-05 11:18:07,Tuesday,5
341,e,2,0,516.427715591616,519.7209247479682,1.8869058729547987,0.0,0.16598112498658804,0.0,3.4961921681737675,3.6621732931603557,519.8869058729548,523.3830980411286,2024-06-02 04:15:54,2024-06-05 15:17:08,2024-06-09 03:11:39,Wednesday,15
341,c,3,0,516.427715591616,523.3830980411285,5.5805832482133155,0.123,0.07448520708486478,1.9194167517866845,0.04071053543900521,2.1576124943105546,525.5000000000001,525.5407105354391,2024-06-02 04:15:54,2024-06-11 06:00:00,2024-06-11 06:58:37,Tuesday,6
342,d,1,0,516.6594996891471,516.6594996891471,5.761879906346621,0.041,0.06138021719952644,1.7381200936533787,0.05134482267243913,1.8918451335253443,518.5,518.5513448226725,2024-06-02 09:49:40,2024-06-04 06:00:00,2024-06-04 07:13:56,Tuesday,6
342,d,2,0,516.6594996891471,518.5513448226724,0.7665830093392287,0.041,0.17423818666683066,0.0,0.2473659063817749,0.4626040930486056,518.7665830093392,519.013948915721,2024-06-02 09:49:40,2024-06-04 12:23:52,2024-06-04 18:20:05,Tuesday,12
342,d,3,0,516.6594996891471,519.013948915721,1.103767775214692,0.041,0.048818859493724484,0.39623222478530806,3.351737060771822,3.8377881450508546,519.5000000000001,522.8517370607719,2024-06-02 09:49:40,2024-06-05 06:00:00,2024-06-08 14:26:30,Wednesday,6
342,e,4,0,516.6594996891471,522.8517370607718,5.005136448849385,0.041,0.11239938807754729,2.4948635511506154,2.702979834902401,5.351242774130563,525.5,528.2029798349024,2024-06-02 09:49:40,2024-06-11 06:00:00,2024-06-13 22:52:17,Tuesday,6
342,c,5,0,516.6594996891471,528.2029798349024,3.2316741074427,0.0,0.028694272540266463,0.2683258925573,1.0791287137665642,1.3761488788641305,528.5,529.5791287137665,2024-06-02 09:49:40,2024-06-14 06:00:00,2024-06-15 07:53:56,Friday,6
342,d,6,0,516.6594996891471,529.5791287137665,4.764911331752728,0.123,0.06278261798625902,0.0,0.7679280652031977,0.9537106831894566,529.7649113317528,530.5328393969561,2024-06-02 09:49:40,2024-06-15 12:21:28,2024-06-16 06:47:17,Saturday,12
343,c,1,0,517.1141378415275,517.1141378415275,6.348916722512513,0.082,0.15277888098496772,1.151083277487487,5.134564758485746,6.520426916958201,518.5,523.6345647584858,2024-06-02 20:44:21,2024-06-04 06:00:00,2024-06-09 09:13:46,Tuesday,6
344,e,1,0,517.215204141337,517.215204141337,6.42665579806544,0.082,0.12945165672841838,1.0733442019345603,1.4372765855954106,2.722072444258389,518.5,519.9372765855954,2024-06-02 23:09:53,2024-06-04 06:00:00,2024-06-05 16:29:40,Tuesday,6
345,f,1,0,517.2839897023301,517.2839897023301,6.394327098950384,0.041,0.06933739662021526,1.1056729010496156,0.8571192688670066,2.0731295665368377,518.5,519.357119268867,2024-06-03 00:48:56,2024-06-04 06:00:00,2024-06-05 02:34:15,Tuesday,6
345,f,2,0,517.2839897023301,519.357119268867,1.4669449414193423,0.041,0.0688256725523924,0.033055058580657715,0.0006307710169218275,0.14351150214997194,519.5000000000001,519.5006307710171,2024-06-03 00:48:56,2024-06-05 06:00:00,2024-06-05 06:00:54,Wednesday,6
346,d,1,0,517.9998897115016,517.9998897115016,0.04266975840869236,0.041,0.0017800469070695893,0.45733024159130764,0.5778954372537229,1.0780057257521003,518.5,519.0778954372537,2024-06-03 17:59:50,2024-06-04 06:00:00,2024-06-04 19:52:10,Tuesday,6
346,e,2,0,517.9998897115016,519.0778954372537,1.2197119779918921,0.082,0.05981654073823746,0.2802880220081079,0.08341673219334103,0.5055212949396863,519.5,519.5834167321933,2024-06-03 17:59:50,2024-06-05 06:00:00,2024-06-05 08:00:07,Wednesday,6
346,e,3,0,517.9998897115016,519.5834167321934,1.8453636149814656,0.041,0.22094688278802066,0.0,0.9687965982757915,1.230743481063812,519.8453636149815,520.8141602132573,2024-06-03 17:59:50,2024-06-05 14:17:19,2024-06-06 13:32:23,Wednesday,14
346,c,4,0,517.9998897115016,520.8141602132572,3.003100288734231,0.041,0.1479400754770438,0.49689971126576893,6.798785413433021,7.4846252001758335,521.5000000000001,528.2987854134332,2024-06-03 17:59:50,2024-06-07 06:00:00,2024-06-14 01:10:15,Friday,6
347,f,1,0,518.3397981550908,518.3397981550908,0.5347376038513403,0.082,0.11293944876058784,0.0,0.6094034165643013,0.8043428653248892,518.5347376038513,519.1441410204156,2024-06-04 02:09:18,2024-06-04 06:50:01,2024-06-04 21:27:33,Tuesday,6
347,d,2,0,518.3397981550908,519.1441410204156,1.2658653276416771,0.041,0.08072430722599501,0.23413467235832286,0.2638731267200947,0.6197321063044126,519.5,519.7638731267201,2024-06-04 02:09:18,2024-06-05 06:00:00,2024-06-05 12:19:58,Wednesday,6
348,c,1,0,518.4041890950078,518.4041890950078,0.6357216244530264,0.082,0.14953252944514836,0.0,0.25824237276222045,0.4897749022073688,518.635721624453,518.8939639972152,2024-06-04 03:42:01,2024-06-04 09:15:26,2024-06-04 15:27:18,Tuesday,9
349,f,1,0,520.309578357464,520.309578357464,2.315560603459403,0.0,0.005982245995419688,0.18443939654059704,0.6231567061218923,0.8135783486579091,520.5,521.1231567061219,2024-06-06 01:25:47,2024-06-06 06:00:00,2024-06-06 20:57:20,Thursday,6
349,e,2,0,520.309578357464,521.1231567061219,3.2068093975763077,0.082,0.0016526914544062203,0.2931906024236923,1.286127459656671,1.6629707535347695,521.5,522.7861274596567,2024-06-06 01:25:47,2024-06-07 06:00:00,2024-06-08 12:52:01,Friday,6
349,d,3,0,520.309578357464,522.7861274596567,5.008642714713005,0.082,0.14051525505634152,2.4913572852869947,3.217715152894617,5.931587693237953,525.5,528.7177151528946,2024-06-06 01:25:47,2024-06-11 06:00:00,2024-06-14 11:13:30,Tuesday,6
349,b,4,0,520.309578357464,528.7177151528946,3.964120920871551,0.041,0.20540576797695442,0.0,2.6952296022074593,2.9416353701844136,528.9641209208716,531.659350523079,2024-06-06 01:25:47,2024-06-14 17:08:20,2024-06-17 09:49:27,Friday,17
349,f,5,0,520.309578357464,531.659350523079,6.971521270536641,0.123,0.18917074745772705,0.5284787294633588,1.5814290731472092,2.422078550068295,532.5000000000001,534.0814290731473,2024-06-06 01:25:47,2024-06-18 06:00:00,2024-06-19 19:57:15,Tuesday,6
350,d,1,0,520.3684366133019,520.3684366133019,2.4935883920900324,0.041,0.08415177878813095,0.006411607909967643,0.10806072990426577,0.23962411660236435,520.5000000000001,520.6080607299044,2024-06-06 02:50:32,2024-06-06 06:00:00,2024-06-06 08:35:36,Thursday,6
350,b,2,0,520.3684366133019,520.6080607299043,2.6920010825205054,0.082,0.0019403526162501098,0.0,0.042027934651279165,0.1259682872675293,520.6920010825205,520.7340290171718,2024-06-06 02:50:32,2024-06-06 10:36:28,2024-06-06 11:37:00,Thursday,10
351,f,1,0,522.1368898231395,522.1368898231395,4.275997554377113,0.041,0.09810773123760902,0.22400244562288663,6.836760680400131,7.199870857260627,522.5000000000001,529.3367606804003,2024-06-07 21:17:07,2024-06-08 06:00:00,2024-06-15 02:04:56,Saturday,6
351,e,2,0,522.1368898231395,529.3367606804002,4.470780510652162,0.123,0.011019830251997336,0.029219489347838135,2.4670521212107417,2.630291440810577,529.5000000000001,531.9670521212108,2024-06-07 21:17:07,2024-06-15 06:00:00,2024-06-17 17:12:33,Saturday,6
352,f,1,0,525.4672580025803,525.4672580025803,0.8330366521919359,0.123,0.24277864961166876,0.0,6.980764995990818,7.346543645602487,525.8330366521919,532.8138016481828,2024-06-11 05:12:51,2024-06-11 13:59:34,2024-06-18 13:31:52,Tuesday,13
353,d,1,0,526.1655122562789,526.1655122562789,1.4221053528408447,0.041,0.2155930965619661,0.07789464715915528,1.8805572824678642,2.2150450261889856,526.5000000000001,528.380557282468,2024-06-11 21:58:20,2024-06-12 06:00:00,2024-06-14 03:08:00,Wednesday,6
353,c,2,0,526.1655122562789,528.3805572824679,3.429981694129765,0.0,0.04942441166194451,0.07001830587023505,6.123855879866347,6.243298597398526,528.5,534.6238558798664,2024-06-11 21:58:20,2024-06-14 06:00:00,2024-06-20 08:58:21,Friday,6
353,b,3,0,526.1655122562789,534.6238558798664,2.715853176965652,0.0,0.09199729709931513,0.0,1.2852092898192053,1.3772065869185204,534.7158531769657,536.0010624667849,2024-06-11 21:58:20,2024-06-20 11:10:49,2024-06-21 18:01:31,Thursday,11
353,c,4,0,526.1655122562789,536.0010624667849,4.12744560599117,0.041,0.08538313920625591,0.37255439400883006,4.828950114745067,5.327887647960153,536.5,541.3289501147451,2024-06-11 21:58:20,2024-06-22 06:00:00,2024-06-27 01:53:41,Saturday,6
353,b,5,0,526.1655122562789,541.328950114745,2.465215024844838,0.123,0.013264910099882518,0.0347849751551621,5.300279174644132,5.471329059899176,541.5000000000001,546.8002791746443,2024-06-11 21:58:20,2024-06-27 06:00:00,2024-07-02 13:12:24,Thursday,6
353,e,6,0,526.1655122562789,546.8002791746442,0.8752300605061691,0.041,0.033950885861997834,0.0,0.5219488798022556,0.5968997656642534,546.8752300605062,547.3971789403084,2024-06-11 21:58:20,2024-07-02 15:00:19,2024-07-03 03:31:56,Tuesday,15
353,b,7,0,526.1655122562789,547.3971789403084,1.7014464289094349,0.041,0.2632674886010077,0.0,8.708398670824279,9.012666159425287,547.7014464289095,556.4098450997338,2024-06-11 21:58:20,2024-07-03 10:50:04,2024-07-12 03:50:10,Wednesday,10
353,c,8,0,526.1655122562789,556.4098450997337,3.7392983734539484,0.082,0.24745327372024792,0.0,4.713116185917865,5.042569459638114,556.739298373454,561.4524145593718,2024-06-11 21:58:20,2024-07-12 11:44:35,2024-07-17 04:51:28,Friday,11
354,d,1,0,526.436110084465,526.436110084465,1.5814586410637048,0.123,0.022348556598775524,0.0,0.12580379033809644,0.27115234693687196,526.5814586410638,526.7072624314019,2024-06-12 04:27:59,2024-06-12 07:57:18,2024-06-12 10:58:27,Wednesday,7
354,f,2,0,526.436110084465,526.7072624314019,1.888296935568519,0.123,0.05803450416667504,0.0,0.053005589135411285,0.23404009330208633,526.8882969355686,526.941302524704,2024-06-12 04:27:59,2024-06-12 15:19:08,2024-06-12 16:35:28,Wednesday,15
354,e,3,0,526.436110084465,526.9413025247039,2.0929390231295883,0.041,0.11063649842563139,0.40706097687041165,3.5987635907752824,4.157461066071326,527.5,531.0987635907753,2024-06-12 04:27:59,2024-06-13 06:00:00,2024-06-16 20:22:13,Thursday,6
354,f,4,0,526.436110084465,531.0987635907752,6.247475489491308,0.082,0.0667118987160669,1.2525245105086924,1.1520204866143553,2.5532568958391146,532.5,533.6520204866143,2024-06-12 04:27:59,2024-06-18 06:00:00,2024-06-19 09:38:54,Tuesday,6
354,e,5,0,526.436110084465,533.6520204866143,1.8103515262528163,0.123,0.03533103963842688,0.0,1.4252306648029094,1.5835617044413364,533.8103515262528,535.2355821910558,2024-06-12 04:27:59,2024-06-19 13:26:54,2024-06-20 23:39:14,Wednesday,13
355,b,1,0,527.0986473988146,527.0986473988146,2.311821839636991,0.123,0.09017444082242244,0.18817816036300883,1.0915846996793648,1.4929373008647961,527.5000000000001,528.5915846996795,2024-06-12 20:22:03,2024-06-13 06:00:00,2024-06-14 08:11:52,Thursday,6
355,e,2,0,527.0986473988146,528.5915846996794,4.314840645717027,0.123,0.6002559460376715,0.18515935428297325,0.00617782580077197,0.9145931261214167,529.5000000000001,529.5061778258009,2024-06-12 20:22:03,2024-06-15 06:00:00,2024-06-15 06:08:53,Saturday,6
355,e,3,0,527.0986473988146,529.5061778258008,4.656462447782133,0.041,0.10928462198135391,0.0,4.441210327382805,4.591494949364159,529.6564624477822,534.097672775165,2024-06-12 20:22:03,2024-06-15 09:45:18,2024-06-19 20:20:38,Saturday,9
355,e,4,0,527.0986473988146,534.0976727751649,2.2623046952131745,0.041,0.12363192004827202,0.23769530478682555,1.3806525790301165,1.782979803865214,534.5000000000001,535.8806525790302,2024-06-12 20:22:03,2024-06-20 06:00:00,2024-06-21 15:08:08,Thursday,6
356,c,1,0,529.6145153947733,529.6145153947733,4.9000421757571075,0.082,0.2035267809837766,0.0,0.31392795130591417,0.5994547322896908,529.9000421757571,530.213970127063,2024-06-15 08:44:54,2024-06-15 15:36:03,2024-06-15 23:08:07,Saturday,15
356,e,2,0,529.6145153947733,530.213970127063,5.463168475540783,0.082,0.16719834847772638,2.036831524459217,0.3469476094734466,2.6329774824103898,532.5,532.8469476094734,2024-06-15 08:44:54,2024-06-18 06:00:00,2024-06-18 14:19:36,Tuesday,6
356,b,3,0,529.6145153947733,532.8469476094734,1.0560898191769184,0.082,0.12714220970348977,0.44391018082308165,6.97568104413023,7.628733434656802,533.5,540.4756810441303,2024-06-15 08:44:54,2024-06-19 06:00:00,2024-06-26 05:24:58,Wednesday,6
356,f,4,0,529.6145153947733,540.4756810441303,1.5600067780452491,0.082,0.0023257339150015103,0.0,0.45895311557156576,0.5432788494865672,540.5600067780452,541.0189598936169,2024-06-15 08:44:54,2024-06-26 07:26:24,2024-06-26 18:27:18,Wednesday,7
356,e,5,0,529.6145153947733,541.0189598936169,2.1861268946524888,0.0,0.16716700103567567,0.3138731053475112,1.4269575160144938,1.9079976223976807,541.5,542.9269575160145,2024-06-15 08:44:54,2024-06-27 06:00:00,2024-06-28 16:14:49,Thursday,6
356,c,6,0,529.6145153947733,542.9269575160146,4.251747500479837,0.041,0.2837899844652347,0.24825249952016293,3.017096864906393,3.5901393488917908,543.5,546.5170968649064,2024-06-15 08:44:54,2024-06-29 06:00:00,2024-07-02 06:24:37,Saturday,6
356,f,7,0,529.6145153947733,546.5170968649063,0.6291144584142785,0.082,0.0300175935079901,0.0,0.4519762670709912,0.5639938605789813,546.6291144584143,547.0810907254853,2024-06-15 08:44:54,2024-07-02 09:05:55,2024-07-02 19:56:46,Tuesday,9
357,b,1,0,530.0791946483685,530.0791946483685,5.356788717356153,0.041,0.23659406898771201,2.143211282643847,0.1889759524295877,2.609781304061147,532.5000000000001,532.6889759524297,2024-06-15 19:54:02,2024-06-18 06:00:00,2024-06-18 10:32:07,Tuesday,6
357,c,2,0,530.0791946483685,532.6889759524296,1.280747705843737,0.041,0.5507717534142001,0.2192522941562629,3.5237074216866833,4.334731469257147,533.5000000000001,537.0237074216868,2024-06-15 19:54:02,2024-06-19 06:00:00,2024-06-22 18:34:08,Wednesday,6
357,c,3,0,530.0791946483685,537.0237074216867,5.121007996038202,0.082,0.015300574351522002,2.378992003961798,0.004334913761627955,2.480627492074948,539.5,539.5043349137617,2024-06-15 19:54:02,2024-06-25 06:00:00,2024-06-25 06:06:14,Tuesday,6
357,d,4,0,530.0791946483685,539.5043349137617,0.6011655384705819,0.082,0.014830624708900998,0.0,0.3283794157947118,0.4252100405036128,539.6011655384706,539.9295449542653,2024-06-15 19:54:02,2024-06-25 08:25:40,2024-06-25 16:18:32,Tuesday,8
357,c,5,0,530.0791946483685,539.9295449542653,0.9577273858812987,0.0,0.028182431615997757,0.0,5.490721001935419,5.518903433551416,539.9577273858813,545.4484483878167,2024-06-15 19:54:02,2024-06-25 16:59:07,2024-07-01 04:45:45,Tuesday,16
357,e,6,0,530.0791946483685,545.4484483878167,6.723417000796758,0.041,0.23396861298006813,0.7765829992032423,0.8882429528575536,1.939794565040864,546.5000000000001,547.3882429528577,2024-06-15 19:54:02,2024-07-02 06:00:00,2024-07-03 03:19:04,Tuesday,6
357,f,7,0,530.0791946483685,547.3882429528576,1.493481557359587,0.082,0.023238604501974326,0.006518442640413014,1.555705338771683,1.6674623859140705,547.5,549.0557053387716,2024-06-15 19:54:02,2024-07-03 06:00:00,2024-07-04 19:20:12,Wednesday,6
358,b,1,0,531.4785763684931,531.4785763684931,6.512154501907389,0.0,0.03357813341424881,0.9878454980926108,3.5970156915578206,4.61843932306468,532.5,536.0970156915578,2024-06-17 05:29:08,2024-06-18 06:00:00,2024-06-21 20:19:42,Tuesday,6
358,b,2,0,531.4785763684931,536.0970156915578,4.129223280163387,0.0,0.03220758860564173,0.37077671983661276,0.006639780544810894,0.40962408898706537,536.5,536.5066397805448,2024-06-17 05:29:08,2024-06-22 06:00:00,2024-06-22 06:09:33,Saturday,6
358,d,3,0,531.4785763684931,536.5066397805448,4.685543836799184,0.0,0.17890405625438552,0.0,0.7694096994031725,0.948313755657558,536.6855438367992,537.4549535362023,2024-06-17 05:29:08,2024-06-22 10:27:10,2024-06-23 04:55:07,Saturday,10
358,f,4,0,531.4785763684931,537.4549535362023,5.51327056190712,0.041,0.017317025704793376,1.9867294380928797,0.07343445399448834,2.1184809177921617,539.5,539.5734344539945,2024-06-17 05:29:08,2024-06-25 06:00:00,2024-06-25 07:45:44,Tuesday,6
359,d,1,0,531.6033431425659,531.6033431425659,6.672735970553958,0.041,0.028392827988046144,0.8272640294460416,0.10002604065330507,0.9966828980873929,532.5,532.6000260406533,2024-06-17 08:28:48,2024-06-18 06:00:00,2024-06-18 08:24:02,Tuesday,6
359,c,2,0,531.6033431425659,532.6000260406533,0.9480174972721898,0.082,0.2659914566187927,0.0,2.1896285866381153,2.537620043256908,532.9480174972722,535.1376460839103,2024-06-17 08:28:48,2024-06-18 16:45:08,2024-06-20 21:18:12,Tuesday,16
359,b,3,0,531.6033431425659,535.1376460839102,3.40145667527338,0.041,0.2228105913631179,0.09854332472662009,3.977894196239241,4.340248112328979,535.5,539.4778941962393,2024-06-17 08:28:48,2024-06-21 06:00:00,2024-06-25 05:28:10,Friday,6
359,f,4,0,531.6033431425659,539.4778941962392,0.6296504354839954,0.0,0.15175623924483583,0.0,0.3509992009769301,0.502755440221766,539.629650435484,539.980649636461,2024-06-17 08:28:48,2024-06-25 09:06:41,2024-06-25 17:32:08,Tuesday,9
359,e,5,0,531.6033431425659,539.980649636461,1.1766673094057296,0.041,0.15501767294473023,0.3233326905942704,8.488424744770665,9.007775108309666,540.5,548.9884247447707,2024-06-17 08:28:48,2024-06-26 06:00:00,2024-07-04 17:43:19,Wednesday,6
359,c,6,0,531.6033431425659,548.9884247447707,3.0859195437271865,0.041,0.05649479895648712,0.41408045627281354,7.174665710266526,7.686240965495826,549.5,556.6746657102665,2024-06-17 08:28:48,2024-07-05 06:00:00,2024-07-12 10:11:31,Friday,6
359,d,7,0,531.6033431425659,556.6746657102665,3.762817409015952,0.082,0.006151698749482077,0.0,5.274076979679585,5.362228678429068,556.762817409016,562.0368943886955,2024-06-17 08:28:48,2024-07-12 12:18:27,2024-07-17 18:53:07,Friday,12
359,b,8,0,531.6033431425659,562.0368943886956,2.2333951704715673,0.041,0.15550078177596668,0.2666048295284327,1.5965882600488592,2.0596938713532587,562.5,564.0965882600489,2024-06-17 08:28:48,2024-07-18 06:00:00,2024-07-19 20:19:05,Thursday,6
360,e,1,0,531.8772953316034,531.8772953316034,6.971657439498017,0.082,0.012362107894609458,0.5283425605019829,2.092970594564979,2.7156752629615712,532.5,534.592970594565,2024-06-17 15:03:18,2024-06-18 06:00:00,2024-06-20 08:13:52,Tuesday,6
361,f,1,0,533.588296668508,533.588296668508,2.0942423851994363,0.0,0.50594571669144,0.4057576148005637,1.9082372844161943,2.819940615908198,534.5,536.4082372844161,2024-06-19 08:07:08,2024-06-20 06:00:00,2024-06-22 03:47:51,Thursday,6
361,c,2,0,533.588296668508,536.4082372844161,4.73574028095436,0.123,0.20450299653819837,0.0,0.5960841070438362,0.9235871035820346,536.7357402809544,537.3318243879982,2024-06-19 08:07:08,2024-06-22 11:39:27,2024-06-23 01:57:49,Saturday,11
361,c,3,0,533.588296668508,537.3318243879982,5.399788553676331,0.041,0.026964165678190957,2.1002114463236694,0.12301068060545091,2.2911862926073114,539.5000000000001,539.6230106806056,2024-06-19 08:07:08,2024-06-25 06:00:00,2024-06-25 08:57:08,Tuesday,6
361,b,4,0,533.588296668508,539.6230106806055,0.7328130516668807,0.082,0.02780237106144201,0.0,1.7060412012399384,1.8158435723013804,539.7328130516669,541.4388542529068,2024-06-19 08:07:08,2024-06-25 11:35:15,2024-06-27 04:31:57,Tuesday,11
361,b,5,0,533.588296668508,541.4388542529068,2.513664706540567,0.041,0.033810453633738434,0.0,4.017691794927744,4.092502248561483,541.5136647065406,545.5313565014683,2024-06-19 08:07:08,2024-06-27 06:19:40,2024-07-01 06:45:09,Thursday,6
361,f,6,0,533.588296668508,545.5313565014683,6.685040289423114,0.041,0.1126837879548877,0.8149597105768862,2.1539016684984,3.122545167030174,546.5000000000001,548.6539016684985,2024-06-19 08:07:08,2024-07-02 06:00:00,2024-07-04 09:41:37,Tuesday,6
361,d,7,0,533.588296668508,548.6539016684984,2.7636090119583514,0.082,0.027707343459924025,0.0,2.160524430857198,2.270231774317122,548.7636090119584,550.9241334428156,2024-06-19 08:07:08,2024-07-04 12:19:35,2024-07-06 16:10:45,Thursday,12
361,d,8,0,533.588296668508,550.9241334428156,5.05183659185866,0.041,0.08670314904311348,2.4481634081413404,0.5760565485890489,3.1519231057735024,553.5000000000001,554.0760565485891,2024-06-19 08:07:08,2024-07-09 06:00:00,2024-07-09 19:49:31,Tuesday,6
361,f,9,0,533.588296668508,554.076056548589,1.534342584073329,0.082,0.3762860354842821,0.0,0.13105729959580945,0.5893433350800915,554.5343425840733,554.6653998836691,2024-06-19 08:07:08,2024-07-10 06:49:27,2024-07-10 09:58:10,Wednesday,6
361,b,10,0,533.588296668508,554.6653998836691,1.6944443840131953,0.0,0.029044500344016667,0.0,1.6837679163883443,1.712812416732361,554.6944443840132,556.3782123004015,2024-06-19 08:07:08,2024-07-10 10:39:59,2024-07-12 03:04:37,Wednesday,10
361,e,11,0,533.588296668508,556.3782123004015,3.541910745366067,0.123,0.040698444964507786,0.0,0.9083555129279478,1.0720539578924555,556.5419107453661,557.450266258294,2024-06-19 08:07:08,2024-07-12 07:00:21,2024-07-13 04:48:23,Friday,7
361,f,12,0,533.588296668508,557.4502662582939,4.5012463519096855,0.041,0.009980093615695112,0.0,0.23983652230818395,0.2908166159238791,557.5012463519097,557.7410828742179,2024-06-19 08:07:08,2024-07-13 06:01:47,2024-07-13 11:47:09,Saturday,6
362,f,1,0,533.9918034405429,533.9918034405429,2.1433767426582335,0.041,0.11057330211541108,0.3566232573417665,1.5609241926643898,2.0691207521215675,534.5000000000001,536.0609241926645,2024-06-19 17:48:11,2024-06-20 06:00:00,2024-06-21 19:27:43,Thursday,6
362,c,2,0,533.9918034405429,536.0609241926644,4.403324593846946,0.082,0.2604004011825838,0.0966754061530537,0.5081361615452533,0.9472119688808909,536.5,537.0081361615453,2024-06-19 17:48:11,2024-06-22 06:00:00,2024-06-22 18:11:42,Saturday,6
362,f,3,0,533.9918034405429,537.0081361615453,5.155542427341402,0.041,0.10640626579612236,2.344457572658598,0.770359866994336,3.262223705449056,539.5,540.2703598669943,2024-06-19 17:48:11,2024-06-25 06:00:00,2024-06-26 00:29:19,Tuesday,6
363,f,1,0,535.421872560205,535.421872560205,3.511827661709276,0.082,0.007955101504332485,0.0,2.372733498562299,2.4626886000666315,535.5118276617093,537.8845611602716,2024-06-21 04:07:29,2024-06-21 06:17:01,2024-06-23 15:13:46,Friday,6
363,c,2,0,535.421872560205,537.8845611602716,6.154369015630891,0.123,0.14680785535933555,1.3456309843691088,0.8185260731339854,2.4339649128624297,539.5000000000001,540.3185260731341,2024-06-21 04:07:29,2024-06-25 06:00:00,2024-06-26 01:38:40,Tuesday,6
363,b,3,0,535.421872560205,540.318526073134,1.4059238331943789,0.041,0.04639776006038591,0.09407616680562114,2.171432057749516,2.352905984615523,540.5,542.6714320577495,2024-06-21 04:07:29,2024-06-26 06:00:00,2024-06-28 10:06:51,Wednesday,6
363,e,4,0,535.421872560205,542.6714320577495,3.8575263757101084,0.082,0.10409431796065127,0.0,2.451342699200914,2.6374370171615653,542.8575263757101,545.3088690749111,2024-06-21 04:07:29,2024-06-28 14:34:50,2024-07-01 01:24:46,Friday,14
363,c,5,0,535.421872560205,545.3088690749111,6.527151808359122,0.082,0.1362827334480069,0.9728481916408782,0.10811279010472322,1.2992437151936083,546.4999999999999,546.6081127901047,2024-06-21 04:07:29,2024-07-02 05:59:59,2024-07-02 08:35:40,Tuesday,5
363,d,6,0,535.421872560205,546.6081127901047,0.8005934387990692,0.041,0.15148064869441388,0.0,0.4653417880827403,0.6578224367771541,546.8005934387991,547.2659352268818,2024-06-21 04:07:29,2024-07-02 13:12:51,2024-07-03 00:22:56,Tuesday,13
363,e,7,0,535.421872560205,547.2659352268818,1.4450862389145414,0.0,0.17915101203273429,0.054913761085458646,1.3328733819942944,1.5669381551124872,547.5,548.8328733819943,2024-06-21 04:07:29,2024-07-03 06:00:00,2024-07-04 13:59:20,Wednesday,6
363,c,8,0,535.421872560205,548.8328733819942,2.9937076721129188,0.082,0.0788342901187678,0.0,0.9537285106378849,1.1145628007566528,548.9937076721129,549.9474361827508,2024-06-21 04:07:29,2024-07-04 17:50:56,2024-07-05 16:44:18,Thursday,17
363,d,9,0,535.421872560205,549.9474361827508,4.073037844018131,0.082,0.04360166126728712,0.4269621559818688,6.173320091805834,6.72588390905499,550.5,556.6733200918059,2024-06-21 04:07:29,2024-07-06 06:00:00,2024-07-12 10:09:34,Saturday,6
363,c,10,0,535.421872560205,556.6733200918059,3.72560783155825,0.0,0.05228773975243464,0.0,0.4783399129271981,0.5306276526796327,556.7256078315582,557.2039477444855,2024-06-21 04:07:29,2024-07-12 11:24:52,2024-07-12 22:53:41,Friday,11
363,c,11,0,535.421872560205,557.2039477444855,4.49114753929166,0.082,0.20519979480617545,0.008852460708340004,2.2500145791875577,2.546066834702073,557.5,559.7500145791876,2024-06-21 04:07:29,2024-07-13 06:00:00,2024-07-15 12:00:01,Saturday,6
363,e,12,0,535.421872560205,559.7500145791876,6.908702029265328,0.123,0.035687450077748865,0.5912979707346722,31.95405236993982,32.70403779075224,560.5,592.4540523699399,2024-06-21 04:07:29,2024-07-16 06:00:00,2024-08-17 04:53:50,Tuesday,6
363,e,13,0,535.421872560205,592.4540523699397,4.4975882490488175,0.041,0.00253587910905935,0.002411750951182512,0.21791417475686353,0.2638618048171054,592.5,592.7179141747569,2024-06-21 04:07:29,2024-08-17 06:00:00,2024-08-17 11:13:47,Saturday,6
364,c,1,0,539.0892001182386,539.0892001182386,0.31462777439026013,0.041,0.1844276561516236,0.18537222560973987,1.1694874149002046,1.580287296661568,539.5,540.6694874149002,2024-06-24 20:08:26,2024-06-25 06:00:00,2024-06-26 10:04:03,Tuesday,6
365,b,1,0,543.5499462120137,543.5499462120137,4.692516202682327,0.123,0.01956999066871838,0.0,0.4036656234216803,0.5462356140903987,543.6925162026824,544.0961818261042,2024-06-29 07:11:55,2024-06-29 10:37:13,2024-06-29 20:18:30,Saturday,10
365,b,2,0,543.5499462120137,544.096181826104,5.269210775141573,0.082,0.0910289490375648,2.2307892248584267,0.10429429446144232,2.508112468357434,546.5,546.6042942944614,2024-06-29 07:11:55,2024-07-02 06:00:00,2024-07-02 08:30:11,Tuesday,6
365,b,3,0,543.5499462120137,546.6042942944615,0.7066215238434097,0.041,0.061327229381894215,0.0,1.4478924526348016,1.5502196820166958,546.7066215238434,548.1545139764783,2024-06-29 07:11:55,2024-07-02 10:57:32,2024-07-03 21:42:30,Tuesday,10
365,e,4,0,543.5499462120137,548.1545139764783,2.1971566237190245,0.041,0.0016426472408041027,0.30284337628097546,9.653428757944008,9.998914781465787,548.5000000000001,558.1534287579441,2024-06-29 07:11:55,2024-07-04 06:00:00,2024-07-13 21:40:56,Thursday,6
365,e,5,0,543.5499462120137,558.1534287579441,5.23049327758315,0.0,0.07706451963907085,2.2695067224168497,2.3599587170523466,4.706529959108267,560.5,562.8599587170523,2024-06-29 07:11:55,2024-07-16 06:00:00,2024-07-18 14:38:20,Tuesday,6
365,e,6,0,543.5499462120137,562.8599587170523,3.0283764097417816,0.123,0.045417692689392046,0.47162359025821843,10.131076729625072,10.771118012572682,563.5,573.6310767296251,2024-06-29 07:11:55,2024-07-19 06:00:00,2024-07-29 09:08:45,Friday,6
365,c,7,0,543.5499462120137,573.631076729625,6.724421526077435,0.082,0.011344796452510209,0.7755784739225646,0.5708131189225266,1.4397363892976016,574.5,575.0708131189225,2024-06-29 07:11:55,2024-07-30 06:00:00,2024-07-30 19:41:58,Tuesday,6
365,d,8,0,543.5499462120137,575.0708131189226,1.1665895845584373,0.082,0.01377646563587348,0.3334104154415627,12.771547485035217,13.200734366112654,575.5,588.2715474850352,2024-06-29 07:11:55,2024-07-31 06:00:00,2024-08-13 00:31:01,Wednesday,6
366,f,1,0,543.8709168633205,543.8709168633205,5.007485069505151,0.082,0.05456820618465467,2.492514930494849,2.6629448657582895,5.292028002437793,546.5,549.1629448657583,2024-06-29 14:54:07,2024-07-02 06:00:00,2024-07-04 21:54:38,Tuesday,6
366,e,2,0,543.8709168633205,549.1629448657583,3.3290906641184392,0.082,0.0841457983601881,0.17090933588156076,1.119060877808873,1.456116012050622,549.5,550.6190608778089,2024-06-29 14:54:07,2024-07-05 06:00:00,2024-07-06 08:51:26,Friday,6
366,d,3,0,543.8709168633205,550.6190608778089,4.865741912063413,0.0,0.24668103425447035,0.0,0.5268034502150026,0.773484484469473,550.8657419120634,551.3925453622784,2024-06-29 14:54:07,2024-07-06 14:46:40,2024-07-07 03:25:15,Saturday,14
366,d,4,0,543.8709168633205,551.3925453622784,5.438422793231894,0.041,0.004877430953468405,2.0615772067681064,0.5370850731722949,2.64453971089387,553.5,554.0370850731723,2024-06-29 14:54:07,2024-07-09 06:00:00,2024-07-09 18:53:24,Tuesday,6
366,e,5,0,543.8709168633205,554.0370850731723,1.0811610013372501,0.041,0.003075928164966759,0.4188389986627499,0.5225907531712426,0.9855056799989592,554.5000000000001,555.0225907531714,2024-06-29 14:54:07,2024-07-10 06:00:00,2024-07-10 18:32:31,Wednesday,6
366,d,6,0,543.8709168633205,555.0225907531712,2.1162622741143196,0.082,0.011671520943103714,0.38373772588568045,0.7052369366891692,1.1826461835179534,555.5,556.2052369366892,2024-06-29 14:54:07,2024-07-11 06:00:00,2024-07-11 22:55:32,Thursday,6
367,d,1,0,545.7584252468342,545.7584252468342,6.825787792139636,0.041,0.026362545305417567,0.6742122078603643,0.21959755245121698,0.961172305616999,546.5000000000001,546.7195975524513,2024-07-01 12:12:07,2024-07-02 06:00:00,2024-07-02 11:16:13,Tuesday,6
367,f,2,0,545.7584252468342,546.7195975524512,0.8509617365189115,0.123,0.008364184067660449,0.0,0.02869632241578776,0.16006050648344822,546.8509617365189,546.8796580589348,2024-07-01 12:12:07,2024-07-02 14:25:23,2024-07-02 15:06:42,Tuesday,14
367,e,3,0,545.7584252468342,546.8796580589346,0.9804286202341927,0.082,0.018770561299596374,0.0,8.988080570931633,9.088851132231229,546.9804286202342,555.9685091911658,2024-07-01 12:12:07,2024-07-02 17:31:49,2024-07-11 17:14:39,Tuesday,17
367,c,4,0,545.7584252468342,555.9685091911658,3.064072923650656,0.082,0.013563732484876821,0.43592707634934413,0.4576587718897476,0.9891495807239685,556.5,556.9576587718898,2024-07-01 12:12:07,2024-07-12 06:00:00,2024-07-12 16:59:01,Friday,6
367,d,5,0,545.7584252468342,556.9576587718898,4.080281256574608,0.041,0.08162248468483607,0.41971874342539195,0.6271920110220707,1.1695332391322988,557.5000000000001,558.1271920110222,2024-07-01 12:12:07,2024-07-13 06:00:00,2024-07-13 21:03:09,Saturday,6
368,d,1,0,546.734088345052,546.734088345052,0.9283560552594281,0.082,0.11226771020741162,0.0,3.284501096245188,3.4787688064525994,546.9283560552594,550.2128571515046,2024-07-02 11:37:05,2024-07-02 16:16:49,2024-07-05 23:06:30,Tuesday,16
368,f,2,0,546.734088345052,550.2128571515046,4.228175276014326,0.0,0.015318124509638736,0.2718247239856737,0.00914474351585984,0.29628759201117233,550.5,550.5091447435159,2024-07-02 11:37:05,2024-07-06 06:00:00,2024-07-06 06:13:10,Saturday,6
368,e,3,0,546.734088345052,550.5091447435158,4.737345494271949,0.123,0.10520075075621423,0.0,3.5429478499061933,3.7711486006624075,550.7373454942721,554.2802933441783,2024-07-02 11:37:05,2024-07-06 11:41:46,2024-07-10 00:43:37,Saturday,11
369,b,1,0,547.2398790262303,547.2398790262303,1.4246829422518204,0.082,0.10280391602162152,0.07531705774817965,2.6522569523081394,2.9123779260779408,547.5,550.1522569523081,2024-07-02 23:45:25,2024-07-03 06:00:00,2024-07-05 21:39:15,Wednesday,6
369,f,2,0,547.2398790262303,550.1522569523082,4.279483017179928,0.082,0.0452260648716559,0.22051698282007237,0.09294297865541452,0.44068602634714277,550.4999999999999,550.5929429786553,2024-07-02 23:45:25,2024-07-06 05:59:59,2024-07-06 08:13:50,Saturday,5
369,e,3,0,547.2398790262303,550.5929429786554,4.683714240804761,0.082,0.008771262149324121,0.0,0.05710222615070621,0.14787348830003033,550.6837142408048,550.7408164669555,2024-07-02 23:45:25,2024-07-06 10:24:32,2024-07-06 11:46:46,Saturday,10
369,b,4,0,547.2398790262303,550.7408164669554,4.827333381190215,0.041,0.04551691423488137,0.0,0.585350156112673,0.6718670703475544,550.8273333811903,551.412683537303,2024-07-02 23:45:25,2024-07-06 13:51:21,2024-07-07 03:54:15,Saturday,13
369,e,5,0,547.2398790262303,551.4126835373029,5.418245027772173,0.0,0.005561490469335615,2.0817549722278272,0.8327840816169698,2.9201005443141326,553.5,554.332784081617,2024-07-02 23:45:25,2024-07-09 06:00:00,2024-07-10 01:59:12,Tuesday,6
369,f,6,0,547.2398790262303,554.332784081617,1.3869318743326176,0.041,0.01314779271563241,0.11306812566738245,5.431063734628007,5.598279653011022,554.5,559.931063734628,2024-07-02 23:45:25,2024-07-10 06:00:00,2024-07-15 16:20:43,Wednesday,6
369,c,7,0,547.2398790262303,559.931063734628,0.1790557765768881,0.082,0.1659920419489705,0.3209442234231119,0.7024267263917247,1.271362991763807,560.5,561.2024267263918,2024-07-02 23:45:25,2024-07-16 06:00:00,2024-07-16 22:51:29,Tuesday,6
369,b,8,0,547.2398790262303,561.2024267263918,1.2380259067107318,0.0,0.03559918031900244,0.26197409328926824,0.09337736457769417,0.39095063818596487,561.5,561.5933773645777,2024-07-02 23:45:25,2024-07-17 06:00:00,2024-07-17 08:14:27,Wednesday,6
370,f,1,0,548.5969647619972,548.5969647619972,2.8392385738858366,0.123,0.11927381188856823,0.0,8.862389146880128,9.104662958768696,548.8392385738858,557.7016277207659,2024-07-04 08:19:37,2024-07-04 14:08:30,2024-07-13 10:50:20,Thursday,14
370,c,2,0,548.5969647619972,557.7016277207659,4.826670749991536,0.082,0.04304302922556216,0.0,2.4260838688036777,2.55112689802924,557.8266707499915,560.2527546187952,2024-07-04 08:19:37,2024-07-13 13:50:24,2024-07-16 00:03:57,Saturday,13
370,d,3,0,548.5969647619972,560.2527546187952,0.4723779502890011,0.0,0.2196233314937823,0.02762204971099891,1.6262768275756936,1.8735222087804748,560.5,562.1262768275757,2024-07-04 08:19:37,2024-07-16 06:00:00,2024-07-17 21:01:50,Tuesday,6
370,c,4,0,548.5969647619972,562.1262768275757,2.468884477313509,0.123,0.21960764973787025,0.031115522686491204,0.5059405882705651,0.8796637606949266,562.5000000000001,563.0059405882707,2024-07-04 08:19:37,2024-07-18 06:00:00,2024-07-18 18:08:33,Thursday,6
370,e,5,0,548.5969647619972,563.0059405882706,3.2453660084532885,0.082,0.157425420182701,0.2546339915467115,3.825487549508954,4.319546961238367,563.5,567.3254875495089,2024-07-04 08:19:37,2024-07-19 06:00:00,2024-07-23 01:48:42,Friday,6
370,b,6,0,548.5969647619972,567.325487549509,0.7484568528449245,0.041,0.3819693033358373,0.0,1.4166154438391168,1.839584747174954,567.7484568528449,569.165072296684,2024-07-04 08:19:37,2024-07-23 11:57:46,2024-07-24 21:57:42,Tuesday,11
370,d,7,0,548.5969647619972,569.165072296684,2.2553438424183696,0.082,0.008271545734318831,0.2446561575816304,9.991257039858944,10.326184743174894,569.5,579.491257039859,2024-07-04 08:19:37,2024-07-25 06:00:00,2024-08-04 05:47:24,Thursday,6
371,d,1,0,551.9721211145561,551.9721211145561,6.140961411464787,0.082,0.0868402969087247,1.3590385885352134,1.6192100573766954,3.1470889428206332,553.5,555.1192100573767,2024-07-07 17:19:51,2024-07-09 06:00:00,2024-07-10 20:51:39,Tuesday,6
371,b,2,0,551.9721211145561,555.1192100573768,2.2367163415774485,0.041,0.0765062842007055,0.2632836584225515,0.15942121801145834,0.5402111606347154,555.5000000000001,555.6594212180115,2024-07-07 17:19:51,2024-07-11 06:00:00,2024-07-11 09:49:33,Thursday,6
372,c,1,0,552.5549126880887,552.5549126880887,6.613678146395159,0.041,0.017765458306408327,0.8863218536048407,0.5183980251634869,1.463485337074736,553.5,554.0183980251635,2024-07-08 07:19:04,2024-07-09 06:00:00,2024-07-09 18:26:29,Tuesday,6
372,c,2,0,552.5549126880887,554.0183980251635,1.0556148099738039,0.0,0.03721678481031796,0.44438519002619614,0.5857682563587489,1.0673702311952629,554.5,555.0857682563587,2024-07-08 07:19:04,2024-07-10 06:00:00,2024-07-10 20:03:30,Wednesday,6
372,b,3,0,552.5549126880887,555.0857682563587,2.290320785309177,0.123,0.0815525289504161,0.20967921469082285,1.3448271905390086,1.7590589341802474,555.5,556.844827190539,2024-07-08 07:19:04,2024-07-11 06:00:00,2024-07-12 14:16:33,Thursday,6
372,d,4,0,552.5549126880887,556.844827190539,3.950758580990964,0.082,0.023931390451896545,0.0,0.8441355659383415,0.9500669563902381,556.950758580991,557.7948941469293,2024-07-08 07:19:04,2024-07-12 16:49:05,2024-07-13 13:04:38,Friday,16
373,f,1,0,552.9524065511396,552.9524065511396,0.0011832192654992468,0.041,0.007776668125929993,0.49881678073450075,9.299234275876708,9.846827724737139,553.5000000000001,562.7992342758769,2024-07-08 16:51:27,2024-07-09 06:00:00,2024-07-18 13:10:53,Tuesday,6
373,c,2,0,552.9524065511396,562.7992342758768,2.9263293406801267,0.041,0.08609506480341622,0.0,4.973792598562849,5.100887663366265,562.9263293406802,567.900121939243,2024-07-08 16:51:27,2024-07-18 16:13:54,2024-07-23 15:36:10,Thursday,16
373,e,3,0,552.9524065511396,567.900121939243,0.9933865145355867,0.082,0.011264575292576903,0.0,0.04768609737497783,0.14095067266755473,567.9933865145356,568.0410726119105,2024-07-08 16:51:27,2024-07-23 17:50:28,2024-07-23 18:59:08,Tuesday,17
373,d,4,0,552.9524065511396,568.0410726119106,1.3091287736048116,0.123,0.14505616169419952,0.1908712263951884,0.07260639962884635,0.5315337877182342,568.5000000000001,568.572606399629,2024-07-08 16:51:27,2024-07-24 06:00:00,2024-07-24 07:44:33,Wednesday,6
373,b,5,0,552.9524065511396,568.5726063996289,1.6057320095370642,0.0,0.03312560990822712,0.0,1.3922973644973837,1.4254229744056108,568.6057320095371,569.9980293740344,2024-07-08 16:51:27,2024-07-24 08:32:15,2024-07-25 17:57:09,Wednesday,8
373,f,6,0,552.9524065511396,569.9980293740344,3.0952461265335387,0.041,0.056216752499095704,0.4047538734664613,1.3537246829985223,1.8556953089640793,570.5,571.8537246829985,2024-07-08 16:51:27,2024-07-26 06:00:00,2024-07-27 14:29:21,Friday,6
373,c,7,0,552.9524065511396,571.8537246829985,5.109727700424628,0.123,0.1330030174260988,2.390272299575372,0.8980232477921924,3.544298564793663,574.5,575.3980232477921,2024-07-08 16:51:27,2024-07-30 06:00:00,2024-07-31 03:33:09,Tuesday,6
373,e,8,0,552.9524065511396,575.3980232477921,1.6182421298981353,0.082,0.13821888210602207,0.0,1.259772819352197,1.4799917014582191,575.6182421298981,576.8780149492503,2024-07-08 16:51:27,2024-07-31 08:50:16,2024-08-01 15:04:20,Wednesday,8
374,e,1,0,563.5469144278572,563.5469144278572,3.7629043772335535,0.082,0.13398994937625763,0.0,1.028200836599928,1.2441907859761856,563.7629043772336,564.7911052138335,2024-07-19 07:07:33,2024-07-19 12:18:34,2024-07-20 12:59:11,Friday,12
374,b,2,0,563.5469144278572,564.7911052138335,4.9326371372386575,0.082,0.059531923405224035,0.0,0.02767585338626284,0.16920777679148685,564.9326371372387,564.960312990625,2024-07-19 07:07:33,2024-07-20 16:22:59,2024-07-20 17:02:51,Saturday,16
375,e,1,0,566.4813082655231,566.4813082655231,6.526863688456615,0.041,0.00455542293349177,0.9731363115433851,0.1763151411950196,1.1950068756718966,567.5,567.676315141195,2024-07-22 05:33:05,2024-07-23 06:00:00,2024-07-23 10:13:53,Tuesday,6
375,d,2,0,566.4813082655231,567.676315141195,0.8539655260478867,0.123,0.05465038485283144,0.0,0.7324441384649845,0.9100945233178159,567.8539655260479,568.5864096645129,2024-07-22 05:33:05,2024-07-23 14:29:42,2024-07-24 08:04:25,Tuesday,14
375,b,3,0,566.4813082655231,568.5864096645129,1.7486669633611882,0.082,0.0802572988482943,0.0,2.763638427260515,2.925895726108809,568.7486669633612,571.5123053906217,2024-07-22 05:33:05,2024-07-24 11:58:04,2024-07-27 06:17:43,Wednesday,11
375,e,4,0,566.4813082655231,571.5123053906217,4.634312131990214,0.082,0.04000674136850702,0.0,5.015893785423561,5.137900526792068,571.6343121319902,576.6502059174138,2024-07-22 05:33:05,2024-07-27 09:13:24,2024-08-01 09:36:17,Saturday,9
376,d,1,0,567.7531945243255,567.7531945243255,0.864272151635987,0.082,0.029077627310427335,0.0,0.08483333531387284,0.1959109626243002,567.864272151636,567.9491054869499,2024-07-23 12:04:36,2024-07-23 14:44:33,2024-07-23 16:46:42,Tuesday,14
376,d,2,0,567.7531945243255,567.9491054869499,1.0381074165715063,0.041,0.04800192962164784,0.4618925834284937,0.4328603599989504,0.9837548730490919,568.5,568.9328603599989,2024-07-23 12:04:36,2024-07-24 06:00:00,2024-07-24 16:23:19,Wednesday,6
376,b,3,0,567.7531945243255,568.9328603599989,2.0738468587791203,0.123,0.017986498780243925,0.42615314122087966,0.1581921584067189,0.7253317984078425,569.5000000000001,569.6581921584068,2024-07-23 12:04:36,2024-07-25 06:00:00,2024-07-25 09:47:47,Thursday,6
377,c,1,0,568.0257395091336,568.0257395091336,1.1293912441325347,0.082,0.02165173499895012,0.37060875586746533,4.286512060584918,4.760772551451333,568.5,572.7865120605849,2024-07-23 18:37:03,2024-07-24 06:00:00,2024-07-28 12:52:34,Wednesday,6
378,e,1,0,568.9596960463726,568.9596960463726,2.133693960941173,0.082,0.09199791456856736,0.3663060390588271,0.2787593128765177,0.8190632665039121,569.5,569.7787593128766,2024-07-24 17:01:57,2024-07-25 06:00:00,2024-07-25 12:41:24,Thursday,6
379,f,1,0,569.0621523199902,569.0621523199902,2.340221339322852,0.041,0.237069019332682,0.15977866067714785,6.226373806738431,6.664221486748261,569.5000000000001,575.7263738067386,2024-07-24 19:29:29,2024-07-25 06:00:00,2024-07-31 11:25:58,Thursday,6
380,f,1,0,571.5030198318294,571.5030198318294,4.633666829332924,0.041,0.08964699750346247,0.0,1.4921514603720536,1.6227984578755161,571.6336668293329,573.125818289705,2024-07-27 06:04:20,2024-07-27 09:12:28,2024-07-28 21:01:10,Saturday,9
381,c,1,0,572.021621764902,572.021621764902,5.31697542788163,0.082,0.21335366297965166,2.18302457211837,0.6845635544388257,3.1629417895368475,574.5,575.1845635544388,2024-07-27 18:31:08,2024-07-30 06:00:00,2024-07-30 22:25:46,Tuesday,6
381,d,2,0,572.021621764902,575.1845635544388,1.4709942419821118,0.041,0.24543068754326092,0.029005758017888184,0.9778180671361859,1.293254512697335,575.5,576.4778180671362,2024-07-27 18:31:08,2024-07-31 06:00:00,2024-08-01 05:28:03,Wednesday,6
381,e,3,0,572.021621764902,576.4778180671361,2.731296944512337,0.082,0.1714788773761556,0.0,2.030989973347915,2.2844688507240707,576.7312969445122,578.7622869178601,2024-07-27 18:31:08,2024-08-01 11:33:04,2024-08-03 12:17:41,Thursday,11
381,c,4,0,572.021621764902,578.7622869178603,5.06739045197105,0.041,0.2641035341108121,2.4326095480289496,9.098796462919404,11.836509545059165,581.5000000000001,590.5987964629195,2024-07-27 18:31:08,2024-08-06 06:00:00,2024-08-15 08:22:16,Tuesday,6
381,b,5,0,572.021621764902,590.5987964629194,2.76122016117597,0.041,0.12142369825658197,0.0,0.4289472314668859,0.5913709297234679,590.761220161176,591.1901673926428,2024-07-27 18:31:08,2024-08-15 12:16:09,2024-08-15 22:33:50,Thursday,12
382,d,1,0,576.2621965256175,576.2621965256175,2.3597953139478705,0.082,0.015598788330406092,0.14020468605212955,0.05384175423207321,0.29164522861460884,576.5,576.553841754232,2024-08-01 00:17:33,2024-08-01 06:00:00,2024-08-01 07:17:31,Thursday,6
383,b,1,0,580.6368854053437,580.6368854053437,6.8248181192381026,0.082,0.10593271389443366,0.6751818807618974,0.10593266082756769,0.9690472554838988,581.5,581.6059326608275,2024-08-05 09:17:06,2024-08-06 06:00:00,2024-08-06 08:32:32,Tuesday,6
383,e,2,0,580.6368854053437,581.6059326608276,0.7269033020975257,0.041,0.07997064126989048,0.0,2.0949459781300797,2.21591661939997,581.7269033020976,583.8218492802278,2024-08-05 09:17:06,2024-08-06 11:26:44,2024-08-08 13:43:27,Tuesday,11
383,f,3,0,580.6368854053437,583.8218492802276,2.96523327756006,0.082,0.06138399733238035,0.0,0.12656712115742105,0.2699511184898014,583.9652332775601,584.0918003987175,2024-08-05 09:17:06,2024-08-08 17:09:56,2024-08-08 20:12:11,Thursday,17
383,c,4,0,580.6368854053437,584.0918003987174,3.14696339769273,0.041,0.014162998975351527,0.3530366023072702,0.287170309341342,0.6953699106239637,584.5000000000001,584.7871703093415,2024-08-05 09:17:06,2024-08-09 06:00:00,2024-08-09 12:53:31,Friday,6
383,b,5,0,580.6368854053437,584.7871703093414,3.9775922203463097,0.0,0.19042191100492015,0.0,13.777605955913995,13.968027866918915,584.9775922203463,598.7551981762603,2024-08-05 09:17:06,2024-08-09 17:27:43,2024-08-23 12:07:29,Friday,17
383,b,6,0,580.6368854053437,598.7551981762603,3.958388414891374,0.082,0.12119023863113487,0.0,1.4039691629935984,1.6071594016247333,598.9583884148914,600.362357577885,2024-08-05 09:17:06,2024-08-23 17:00:04,2024-08-25 02:41:47,Friday,17
383,d,7,0,580.6368854053437,600.362357577885,5.5310615331266035,0.041,0.12770395524159803,1.9689384668733965,3.201002309399692,5.3386447315146865,602.5,605.7010023093997,2024-08-05 09:17:06,2024-08-27 06:00:00,2024-08-30 10:49:26,Tuesday,6
383,d,8,0,580.6368854053437,605.7010023093997,3.9259923847123446,0.041,0.18399007531265946,0.0,0.2598206215922217,0.48481069690488116,605.9259923847123,606.1858130063046,2024-08-05 09:17:06,2024-08-30 16:13:25,2024-08-30 22:27:34,Friday,16
383,b,9,0,580.6368854053437,606.1858130063046,4.305516723048527,0.082,0.0377037167439758,0.19448327695147327,3.1731888557200207,3.4873758494154696,606.5,609.67318885572,2024-08-05 09:17:06,2024-08-31 06:00:00,2024-09-03 10:09:23,Saturday,6
384,c,1,0,582.0922815786977,582.0922815786977,1.2082511406440517,0.041,0.07496956194632913,0.2917488593559483,0.7727475634799551,1.1804659847822325,582.5,583.2727475634799,2024-08-06 20:12:53,2024-08-07 06:00:00,2024-08-08 00:32:45,Wednesday,6
384,e,2,0,582.0922815786977,583.2727475634799,2.6714905310951735,0.082,0.3167429676152148,0.0,0.7660867857406158,1.1648297533558307,583.6714905310952,584.4375773168358,2024-08-06 20:12:53,2024-08-08 10:06:56,2024-08-09 04:30:06,Thursday,10
384,c,3,0,582.0922815786977,584.4375773168357,3.511435034360261,0.041,0.032857717524531926,0.0,2.66218298020863,2.736040697733162,584.5114350343603,587.1736180145689,2024-08-06 20:12:53,2024-08-09 06:16:27,2024-08-11 22:10:00,Friday,6
384,e,4,0,582.0922815786977,587.1736180145689,6.4042605294014265,0.123,0.10764251483254142,1.0957394705985735,1.457131947134446,2.783513932565561,588.5,589.9571319471345,2024-08-06 20:12:53,2024-08-13 06:00:00,2024-08-14 16:58:16,Tuesday,6
384,e,5,0,582.0922815786977,589.9571319471345,2.0785955946395234,0.082,0.039463647505007145,0.42140440536047663,0.010255422711024248,0.553123475576508,590.5,590.510255422711,2024-08-06 20:12:53,2024-08-15 06:00:00,2024-08-15 06:14:46,Thursday,6
384,d,6,0,582.0922815786977,590.510255422711,2.5494478320141525,0.0,0.039192409303164165,0.0,0.634004349072033,0.6731967583751971,590.5494478320142,591.1834521810862,2024-08-06 20:12:53,2024-08-15 07:11:12,2024-08-15 22:24:10,Thursday,7
384,b,7,0,582.0922815786977,591.1834521810862,3.3710766006171298,0.082,0.10562441953092083,0.12892339938287023,2.073018982202567,2.389566801116358,591.5,593.5730189822026,2024-08-06 20:12:53,2024-08-16 06:00:00,2024-08-18 07:45:08,Friday,6
384,c,8,0,582.0922815786977,593.5730189822025,5.624994431130176,0.0,0.05197544892774397,1.875005568869824,3.137763702690965,5.064744720488533,595.5,598.637763702691,2024-08-06 20:12:53,2024-08-20 06:00:00,2024-08-23 09:18:22,Tuesday,6
384,f,9,0,582.0922815786977,598.637763702691,3.6630010285354047,0.0,0.02523732584433593,0.0,0.044496223801524556,0.06973354964586048,598.6630010285354,598.7074972523369,2024-08-06 20:12:53,2024-08-23 09:54:43,2024-08-23 10:58:47,Friday,9
384,d,10,0,582.0922815786977,598.7074972523369,3.953630832806766,0.082,0.16413358046981155,0.0,0.29981115348865844,0.54594473395847,598.9536308328068,599.2534419862955,2024-08-06 20:12:53,2024-08-23 16:53:13,2024-08-24 00:04:57,Friday,16
384,e,11,0,582.0922815786977,599.2534419862953,4.426214621662098,0.041,0.13177263536677153,0.07378537833790233,2.6030770341216547,2.8496350478263284,599.5000000000001,602.1030770341217,2024-08-06 20:12:53,2024-08-24 06:00:00,2024-08-26 20:28:25,Saturday,6
384,f,12,0,582.0922815786977,602.1030770341217,0.4229706782757603,0.041,0.27889364415400003,0.07702932172423971,0.7772542475556926,1.1741772134339323,602.5,603.2772542475557,2024-08-06 20:12:53,2024-08-27 06:00:00,2024-08-28 00:39:14,Tuesday,6
384,b,13,0,582.0922815786977,603.2772542475557,1.382748404176482,0.041,0.06449415662077267,0.11725159582351807,0.1821362364261269,0.4048819888704176,603.5,603.6821362364261,2024-08-06 20:12:53,2024-08-28 06:00:00,2024-08-28 10:22:16,Wednesday,6
384,b,14,0,582.0922815786977,603.6821362364261,1.8665748597442189,0.041,0.14343862331808505,0.0,1.684226172724976,1.8686647960430611,603.8665748597442,605.5508010324692,2024-08-06 20:12:53,2024-08-28 14:47:52,2024-08-30 07:13:09,Wednesday,14
384,f,15,0,582.0922815786977,605.5508010324692,3.6021528079271548,0.041,0.010351775457974395,0.0,0.00915483576729161,0.06050661122526601,605.6021528079272,605.6113076436944,2024-08-06 20:12:53,2024-08-30 08:27:06,2024-08-30 08:40:16,Friday,8
384,f,16,0,582.0922815786977,605.6113076436944,3.714813100693391,0.082,0.021505456998989602,0.0,0.9438068371020886,1.0473122941010782,605.7148131006934,606.6586199377955,2024-08-06 20:12:53,2024-08-30 11:09:19,2024-08-31 09:48:24,Friday,11
384,b,17,0,582.0922815786977,606.6586199377955,4.6645742378100294,0.0,0.005954300014496171,0.0,6.994903117407693,7.000857417422189,606.66457423781,613.6594773552177,2024-08-06 20:12:53,2024-08-31 09:56:59,2024-09-07 09:49:38,Saturday,9
384,d,18,0,582.0922815786977,613.6594773552176,4.789948756653985,0.0,0.13047140143633898,0.0,3.974017970552861,4.1044893719892,613.789948756654,617.7639667272068,2024-08-06 20:12:53,2024-09-07 12:57:31,2024-09-11 12:20:06,Saturday,12
384,c,19,0,582.0922815786977,617.7639667272068,1.9802074505204246,0.082,0.1342407233135673,0.0,1.0074166128970148,1.223657336210582,617.9802074505204,618.9876240634175,2024-08-06 20:12:53,2024-09-11 17:31:29,2024-09-12 17:42:10,Wednesday,17
384,f,20,0,582.0922815786977,618.9876240634175,3.0243672688768584,0.0,0.036743205459350524,0.47563273112314164,0.15529869231687754,0.6676746288993697,619.5,619.6552986923169,2024-08-06 20:12:53,2024-09-13 06:00:00,2024-09-13 09:43:37,Friday,6
384,c,21,0,582.0922815786977,619.6552986923168,3.797600349128629,0.123,0.01930165681177229,0.0,2.3973385305727395,2.539640187384512,619.7976003491286,622.1949388797013,2024-08-06 20:12:53,2024-09-13 13:08:32,2024-09-15 22:40:42,Friday,13
385,d,1,0,584.3661593001613,584.3661593001613,3.458771607081985,0.082,0.010612306920676043,0.04122839291801483,0.37911746553108694,0.5129581653697778,584.4999999999999,584.879117465531,2024-08-09 02:47:16,2024-08-09 05:59:59,2024-08-09 15:05:55,Friday,5
385,e,2,0,584.3661593001613,584.8791174655311,3.9644351304797283,0.082,0.0033176649486533886,0.0,3.4898525668124427,3.575170231761096,584.9644351304797,588.4542876972922,2024-08-09 02:47:16,2024-08-09 17:08:47,2024-08-13 04:54:10,Friday,17
385,e,3,0,584.3661593001613,588.4542876972922,0.559133394580158,0.041,0.06384569728791353,0.0,5.864966315120978,5.969812012408892,588.5591333945802,594.4240997097012,2024-08-09 02:47:16,2024-08-13 07:25:09,2024-08-19 04:10:42,Tuesday,7
386,f,1,0,584.3772425262249,584.3772425262249,3.4860667504752882,0.0,0.108824224250341,0.013933249524711755,0.11948944842795144,0.2422469222030042,584.5,584.619489448428,2024-08-09 03:03:13,2024-08-09 06:00:00,2024-08-09 08:52:03,Friday,6
386,f,2,0,584.3772425262249,584.6194894484279,3.6802847121103923,0.041,0.019795263682476392,0.0,0.008313927137104316,0.06910919081958071,584.6802847121104,584.6885986392475,2024-08-09 03:03:13,2024-08-09 10:19:36,2024-08-09 10:31:34,Friday,10
386,f,3,0,584.3772425262249,584.6885986392475,3.748440780694409,0.041,0.01884214144693036,0.0,1.3938474078252732,1.4536895492722035,584.7484407806945,586.1422881885198,2024-08-09 03:03:13,2024-08-09 11:57:45,2024-08-10 21:24:53,Friday,11
386,e,4,0,584.3772425262249,586.1422881885197,5.553463507552237,0.082,0.32917531903255765,1.9465364924477626,5.361032916128549,7.718744727608869,588.5,593.8610329161286,2024-08-09 03:03:13,2024-08-13 06:00:00,2024-08-18 14:39:53,Tuesday,6
386,e,5,0,584.3772425262249,593.8610329161286,5.950142471025174,0.041,0.048109554896591515,1.549857528974826,1.5584026179964139,3.1973697018678315,595.5,597.0584026179964,2024-08-09 03:03:13,2024-08-20 06:00:00,2024-08-21 19:24:05,Tuesday,6
386,b,6,0,584.3772425262249,597.0584026179964,2.261609552342179,0.082,0.12120693434578172,0.23839044765782091,5.972313827020218,6.413911209023821,597.5,603.4723138270202,2024-08-09 03:03:13,2024-08-22 06:00:00,2024-08-28 05:20:07,Thursday,6
386,e,7,0,584.3772425262249,603.4723138270202,1.6418605441683667,0.041,0.12854671714811147,0.0,1.3629546703472926,1.532501387495404,603.6418605441684,605.0048152145157,2024-08-09 03:03:13,2024-08-28 09:24:16,2024-08-29 18:06:56,Wednesday,9
386,b,8,0,584.3772425262249,605.0048152145156,3.14386775037849,0.041,0.09805253586293455,0.3561322496215098,0.011424921459890023,0.5066097069443344,605.5000000000001,605.51142492146,2024-08-09 03:03:13,2024-08-30 06:00:00,2024-08-30 06:16:27,Friday,6
386,b,9,0,584.3772425262249,605.5114249214599,3.6336180089806476,0.082,0.04019308752070412,0.0,0.5104003568482931,0.6325934443689972,605.6336180089806,606.144018365829,2024-08-09 03:03:13,2024-08-30 09:12:24,2024-08-30 21:27:23,Friday,9
387,e,1,0,584.6149743887545,584.6149743887545,3.8482063558127493,0.041,0.1922319670582524,0.0,1.457774764081038,1.6910067311392902,584.8482063558127,586.3059811198938,2024-08-09 08:45:33,2024-08-09 14:21:25,2024-08-11 01:20:36,Friday,14
387,f,2,0,584.6149743887545,586.3059811198938,5.397613589006028,0.082,0.009632469112227543,2.1023864109939723,0.01608785637207441,2.210106736478274,588.5,588.5160878563721,2024-08-09 08:45:33,2024-08-13 06:00:00,2024-08-13 06:23:09,Tuesday,6
387,f,3,0,584.6149743887545,588.516087856372,0.6233263784624796,0.082,0.025238522090487193,0.0,2.7425159024138295,2.8497544245043165,588.6233263784625,591.3658422808763,2024-08-09 08:45:33,2024-08-13 08:57:35,2024-08-16 02:46:48,Tuesday,8
387,c,4,0,584.6149743887545,591.3658422808763,3.668243461761108,0.041,0.26140118088474373,0.0,0.31747835486477016,0.6198795357495139,591.6682434617611,591.9857218166259,2024-08-09 08:45:33,2024-08-16 10:02:16,2024-08-16 17:39:26,Friday,10
387,f,5,0,584.6149743887545,591.9857218166259,4.100405342490262,0.082,0.03268352586443182,0.39959465750973777,7.291761475382689,7.806039658756859,592.5,599.7917614753827,2024-08-09 08:45:33,2024-08-17 06:00:00,2024-08-24 13:00:08,Saturday,6
388,b,1,0,585.2669708222656,585.2669708222656,4.430469029582696,0.082,0.08149820731703619,0.06953097041730416,0.24147916120226254,0.4745083389366029,585.5,585.7414791612023,2024-08-10 00:24:26,2024-08-10 06:00:00,2024-08-10 11:47:43,Saturday,6
388,e,2,0,585.2669708222656,585.7414791612023,4.783807844426519,0.0,0.042328683224230654,0.0,0.9847425598912471,1.0270712431154778,585.7838078444265,586.7685504043178,2024-08-10 00:24:26,2024-08-10 12:48:40,2024-08-11 12:26:42,Saturday,12
388,c,3,0,585.2669708222656,586.7685504043178,5.877760791663377,0.0,0.10921038734552371,1.622239208336623,0.9612222307921559,2.6926718264743026,588.5,589.4612222307921,2024-08-10 00:24:26,2024-08-13 06:00:00,2024-08-14 05:04:09,Tuesday,6
388,d,4,0,585.2669708222656,589.4612222307921,1.6880953997671213,0.041,0.18587316897501166,0.0,0.05836096665936262,0.2852341356343743,589.6880953997672,589.7464563664266,2024-08-10 00:24:26,2024-08-14 10:30:51,2024-08-14 11:54:53,Wednesday,10
388,b,5,0,585.2669708222656,589.7464563664265,1.8618789626879106,0.0,0.11542259626145135,0.0,13.984127228915181,14.099549825176632,589.8618789626879,603.8460061916031,2024-08-10 00:24:26,2024-08-14 14:41:06,2024-08-28 14:18:14,Wednesday,14
388,f,6,0,585.2669708222656,603.8460061916031,1.933977503616461,0.082,0.0059713120132905695,0.0,2.8995139103797625,2.9874852223930533,603.9339775036165,606.8334914139962,2024-08-10 00:24:26,2024-08-28 16:24:55,2024-08-31 14:00:13,Wednesday,16
388,c,7,0,585.2669708222656,606.8334914139962,4.885426750920374,0.041,0.010935336924197958,0.0,3.954981685287176,4.006917022211374,606.8854267509204,610.8404084362076,2024-08-10 00:24:26,2024-08-31 15:15:00,2024-09-04 14:10:11,Saturday,15
388,b,8,0,585.2669708222656,610.8404084362076,1.9711702636084283,0.123,0.007761827400850934,0.0,3.19133080823921,3.322092635640061,610.9711702636084,614.1625010718476,2024-08-10 00:24:26,2024-09-04 17:18:29,2024-09-07 21:54:00,Wednesday,17
388,d,9,0,585.2669708222656,614.1625010718476,5.297504693380461,0.041,0.09400362153287237,2.2024953066195394,1.706537738937889,4.044036667090301,616.5000000000001,618.206537738938,2024-08-10 00:24:26,2024-09-10 06:00:00,2024-09-11 22:57:24,Tuesday,6
388,d,10,0,585.2669708222656,618.2065377389379,2.6766296101412763,0.082,0.38809187120339067,0.0,7.971202038744119,8.44129390994751,618.6766296101413,626.6478316488854,2024-08-10 00:24:26,2024-09-12 10:14:20,2024-09-20 09:32:52,Thursday,10
388,e,11,0,585.2669708222656,626.6478316488854,3.8136712818410388,0.041,0.12483963295573659,0.0,1.3060498116650177,1.4718894446207542,626.8136712818412,628.1197210935062,2024-08-10 00:24:26,2024-09-20 13:31:41,2024-09-21 20:52:23,Friday,13
388,b,12,0,585.2669708222656,628.1197210935061,5.247783606594908,0.041,0.0870625130888468,2.2522163934050923,0.006737460185814816,2.387016366679754,630.5000000000001,630.506737460186,2024-08-10 00:24:26,2024-09-24 06:00:00,2024-09-24 06:09:42,Tuesday,6
388,f,13,0,585.2669708222656,630.5067374601858,0.6006520132710875,0.041,0.0529145530852755,0.0,4.257016329891663,4.350930882976938,630.6006520132712,634.8576683431629,2024-08-10 00:24:26,2024-09-24 08:24:56,2024-09-28 14:35:02,Tuesday,8
388,b,14,0,585.2669708222656,634.8576683431628,5.132821034864037,0.041,0.23415269170125919,2.367178965135963,0.2179524745707764,2.8602841314079988,637.5000000000001,637.7179524745709,2024-08-10 00:24:26,2024-10-01 06:00:00,2024-10-01 11:13:51,Tuesday,6
389,b,1,0,589.7339602916983,589.7339602916983,1.8481932953546902,0.082,0.032233003656426416,0.0,0.47478023302790423,0.5890132366843306,589.8481932953547,590.3229735283826,2024-08-14 11:36:54,2024-08-14 14:21:23,2024-08-15 01:45:04,Wednesday,14
389,f,2,0,589.7339602916983,590.3229735283826,2.4101166415798616,0.041,0.04614311319722783,0.08988335842013839,0.02623690973282466,0.2032633813501909,590.5,590.5262369097328,2024-08-14 11:36:54,2024-08-15 06:00:00,2024-08-15 06:37:46,Thursday,6
390,f,1,0,593.5813169889079,593.5813169889079,5.638472584547117,0.041,0.016155595639169178,1.8615274154528834,2.2502234402155388,4.168906451307591,595.5,597.7502234402156,2024-08-18 07:57:05,2024-08-20 06:00:00,2024-08-22 12:00:19,Tuesday,6
390,e,2,0,593.5813169889079,597.7502234402156,2.7510810855944783,0.0,0.0008576453788846063,0.0,0.4055372189200905,0.4063948642989751,597.7510810855945,598.1566183045146,2024-08-18 07:57:05,2024-08-22 12:01:33,2024-08-22 21:45:31,Thursday,12
390,d,3,0,593.5813169889079,598.1566183045145,3.4724061294241437,0.041,0.27478782490961356,0.027593870575856272,6.7203502981382695,7.0637319936237395,598.5,605.2203502981382,2024-08-18 07:57:05,2024-08-23 06:00:00,2024-08-29 23:17:18,Friday,6
390,b,4,0,593.5813169889079,605.2203502981382,3.3260754977465012,0.082,0.023725199608324712,0.17392450225349876,1.459245007589546,1.7388947094513694,605.5,606.9592450075895,2024-08-18 07:57:05,2024-08-30 06:00:00,2024-08-31 17:01:18,Friday,6
390,c,5,0,593.5813169889079,606.9592450075896,5.044083703292586,0.041,0.043838695702917006,2.4559162967074144,0.016474509309165913,2.5572295017194975,609.5,609.5164745093092,2024-08-18 07:57:05,2024-09-03 06:00:00,2024-09-03 06:23:43,Tuesday,6
390,b,6,0,593.5813169889079,609.5164745093091,0.9455400857799532,0.041,0.38806557647085715,0.0,6.76408341861524,7.193148995086097,609.94554008578,616.7096235043952,2024-08-18 07:57:05,2024-09-03 16:41:34,2024-09-10 11:01:51,Tuesday,16
390,c,7,0,593.5813169889079,616.7096235043952,0.9804512513286454,0.082,0.18882774693349894,0.0,3.455367117765022,3.726194864698521,616.9804512513286,620.4358183690937,2024-08-18 07:57:05,2024-09-10 17:31:50,2024-09-14 04:27:34,Tuesday,17
390,c,8,0,593.5813169889079,620.4358183690937,4.487413906130882,0.0,0.051595537037146935,0.012586093869117576,12.143866683648758,12.208048314555022,620.5,632.6438666836488,2024-08-18 07:57:05,2024-09-14 06:00:00,2024-09-26 09:27:10,Saturday,6
391,b,1,0,594.6605488436257,594.6605488436257,6.965331119460416,0.082,0.22278227583471621,0.5346688805395843,0.18817881000020226,1.0276299663745028,595.5,595.6881788100002,2024-08-19 09:51:11,2024-08-20 06:00:00,2024-08-20 10:30:58,Tuesday,6
391,e,2,0,594.6605488436257,595.6881788100003,0.7550058535158541,0.041,0.025827043515583195,0.0,0.023708809872936575,0.09053585338851977,595.755005853516,595.7787146633889,2024-08-19 09:51:11,2024-08-20 12:07:12,2024-08-20 12:41:20,Tuesday,12
391,d,3,0,594.6605488436257,595.7787146633888,0.9797636797410405,0.041,0.16004901635227156,0.0,0.28030241466030137,0.48135143101257294,595.979763679741,596.2600660944014,2024-08-19 09:51:11,2024-08-20 17:30:51,2024-08-21 00:14:29,Tuesday,17
391,b,4,0,594.6605488436257,596.2600660944014,1.3451676408698177,0.082,0.003101546468386358,0.15483235913018234,1.9697384946759868,2.2096724002745556,596.5,598.469738494676,2024-08-19 09:51:11,2024-08-21 06:00:00,2024-08-23 05:16:25,Wednesday,6
392,b,1,0,595.5368542717598,595.5368542717598,0.8726105987906294,0.041,0.2947563270308389,0.0,0.2743242055359588,0.6100805325667977,595.8726105987907,596.1469348043267,2024-08-20 06:53:04,2024-08-20 14:56:33,2024-08-20 21:31:35,Tuesday,14
392,f,2,0,595.5368542717598,596.1469348043266,1.206617507768442,0.041,0.018682703441810906,0.293382492231558,0.002446545316933446,0.35551174099030236,596.5,596.502446545317,2024-08-20 06:53:04,2024-08-21 06:00:00,2024-08-21 06:03:31,Wednesday,6
392,c,3,0,595.5368542717598,596.502446545317,1.6192500279624937,0.041,0.075803482645523,0.0,0.672164968004315,0.788968450649838,596.6192500279625,597.2914149959668,2024-08-20 06:53:04,2024-08-21 08:51:43,2024-08-22 00:59:38,Wednesday,8
392,d,4,0,595.5368542717598,597.2914149959668,2.4148921039943616,0.123,0.0004771080276184099,0.0851078960056384,0.5177922592128489,0.7263772632461056,597.5000000000001,598.0177922592129,2024-08-20 06:53:04,2024-08-22 06:00:00,2024-08-22 18:25:37,Thursday,6
392,d,5,0,595.5368542717598,598.0177922592129,3.171253789391926,0.082,0.07146153017904454,0.32874621060807385,3.0872334425308825,3.569441183318001,598.5,601.5872334425309,2024-08-20 06:53:04,2024-08-23 06:00:00,2024-08-26 08:05:36,Friday,6
392,c,6,0,595.5368542717598,601.5872334425309,6.683586206127188,0.082,0.01435276359630579,0.8164137938728118,0.4802152999411871,1.3929818574103046,602.5,602.9802152999412,2024-08-20 06:53:04,2024-08-27 06:00:00,2024-08-27 17:31:30,Tuesday,6
393,f,1,0,596.2883081143476,596.2883081143476,1.4390296464628136,0.0,0.15072153211523143,0.060970353537186384,0.47576701335974886,0.6874588990121666,596.5,596.9757670133597,2024-08-21 00:55:09,2024-08-21 06:00:00,2024-08-21 17:25:06,Wednesday,6
393,b,2,0,596.2883081143476,596.9757670133598,2.07111904779606,0.041,0.05435203443621792,0.42888095220394007,0.14400592454435784,0.668238911184516,597.5,597.6440059245443,2024-08-21 00:55:09,2024-08-22 06:00:00,2024-08-22 09:27:22,Thursday,6
393,e,3,0,596.2883081143476,597.6440059245443,2.72549193377597,0.041,0.04048600923167125,0.0,5.857874785550814,5.939360794782486,597.7254919337761,603.5833667193269,2024-08-21 00:55:09,2024-08-22 11:24:42,2024-08-28 08:00:02,Thursday,11
393,e,4,0,596.2883081143476,603.5833667193268,1.8574578303138196,0.082,0.1920911109870317,0.0,8.570227210703237,8.844318321690269,603.8574578303138,612.4276850410171,2024-08-21 00:55:09,2024-08-28 14:34:44,2024-09-06 04:15:51,Wednesday,14
394,e,1,0,596.7235727236285,596.7235727236285,1.9072993780326897,0.082,0.10172665440420177,0.0,0.010893559321325772,0.19462021372552754,596.9072993780327,596.918192937354,2024-08-21 11:21:56,2024-08-21 15:46:30,2024-08-21 16:02:11,Wednesday,15
394,b,2,0,596.7235727236285,596.9181929373541,2.118187571004455,0.041,0.15899463365041208,0.3818124289955449,0.042636431657224146,0.6244434943031812,597.5000000000001,597.5426364316573,2024-08-21 11:21:56,2024-08-22 06:00:00,2024-08-22 07:01:23,Thursday,6
394,b,3,0,596.7235727236285,597.5426364316572,2.597233295635533,0.0,0.05459686397825675,0.0,1.0059928406849863,1.060589704663243,597.5972332956355,598.6032261363205,2024-08-21 11:21:56,2024-08-22 08:20:00,2024-08-23 08:28:38,Thursday,8
394,d,4,0,596.7235727236285,598.6032261363205,3.742017532420846,0.082,0.05679139610032083,0.0,0.341739348341909,0.4805307444422298,598.7420175324207,599.0837568807626,2024-08-21 11:21:56,2024-08-23 11:48:30,2024-08-23 20:00:36,Friday,11
394,c,5,0,596.7235727236285,599.0837568807627,4.627444305571316,0.082,0.4616874248086199,0.0,0.9191046486022747,1.4627920734108946,599.6274443055713,600.5465489541735,2024-08-21 11:21:56,2024-08-24 09:03:31,2024-08-25 07:07:01,Saturday,9
394,d,6,0,596.7235727236285,600.5465489541737,5.728197728428086,0.123,0.05864877425438597,1.7718022715719144,1.0640929611449597,3.01754400697126,602.5,603.564092961145,2024-08-21 11:21:56,2024-08-27 06:00:00,2024-08-28 07:32:17,Tuesday,6
394,f,7,0,596.7235727236285,603.5640929611449,1.6962019964514639,0.041,0.09110903530664873,0.0,0.7632031964609083,0.895312231767557,603.6962019964516,604.4594051929125,2024-08-21 11:21:56,2024-08-28 10:42:31,2024-08-29 05:01:32,Wednesday,10
394,e,8,0,596.7235727236285,604.4594051929124,2.538337582477425,0.0,0.07893238956502746,0.0,0.35824280758463356,0.437175197149661,604.5383375824774,604.896580390062,2024-08-21 11:21:56,2024-08-29 06:55:12,2024-08-29 15:31:04,Thursday,6
394,d,9,0,596.7235727236285,604.8965803900621,2.973404290644453,0.041,0.0358239005823325,0.0,1.5320967737237454,1.608920674306078,604.9734042906446,606.5055010643683,2024-08-21 11:21:56,2024-08-29 17:21:42,2024-08-31 06:07:55,Thursday,17
394,b,10,0,596.7235727236285,606.5055010643682,4.631413838441631,0.082,0.043912774073457075,0.0,2.1059614603086354,2.2318742343820923,606.6314138384416,608.7373752987503,2024-08-21 11:21:56,2024-08-31 09:09:14,2024-09-02 11:41:49,Saturday,9
394,f,11,0,596.7235727236285,608.7373752987503,6.79285154154968,0.0,0.05547624279940461,0.7071484584503196,4.527799607166298,5.290424308416021,609.5,614.0277996071663,2024-08-21 11:21:56,2024-09-03 06:00:00,2024-09-07 18:40:01,Tuesday,6
394,d,12,0,596.7235727236285,614.0277996071663,5.140439638380144,0.041,0.07164003121377167,2.359560361619856,13.917941551599654,16.39014194443328,616.5,630.4179415515996,2024-08-21 11:21:56,2024-09-10 06:00:00,2024-09-24 04:01:50,Tuesday,6
394,b,13,0,596.7235727236285,630.4179415515996,0.5853480570074225,0.041,0.12640650540780357,0.0,0.09036166350678257,0.25776816891458615,630.5853480570074,630.6757097205142,2024-08-21 11:21:56,2024-09-24 08:02:54,2024-09-24 10:13:01,Tuesday,8
394,b,14,0,596.7235727236285,630.6757097205142,0.9156948700622252,0.041,0.19898514954806734,0.0,1.829177669032197,2.0691628185802644,630.9156948700623,632.7448725390946,2024-08-21 11:21:56,2024-09-24 15:58:36,2024-09-26 11:52:36,Tuesday,15
394,c,15,0,596.7235727236285,632.7448725390944,2.8820474873758712,0.041,0.09617494828144198,0.0,6.074869207399546,6.212044155680988,632.882047487376,638.9569166947755,2024-08-21 11:21:56,2024-09-26 15:10:08,2024-10-02 16:57:57,Thursday,15
394,e,16,0,596.7235727236285,638.9569166947755,2.044138778872366,0.041,0.046222084096904426,0.45586122112763405,4.656918679242831,5.200001984467369,639.5000000000001,644.156918679243,2024-08-21 11:21:56,2024-10-03 06:00:00,2024-10-07 21:45:57,Thursday,6
394,e,17,0,596.7235727236285,644.1569186792428,0.2409451435913752,0.0,0.08402646434857608,0.2590548564086248,0.18008642191888,0.5231677426760809,644.5,644.6800864219189,2024-08-21 11:21:56,2024-10-08 06:00:00,2024-10-08 10:19:19,Tuesday,6
394,c,18,0,596.7235727236285,644.6800864219189,0.7630584793897697,0.0,0.08297205747087004,0.0,3.5969876168453694,3.6799596743162395,644.7630584793898,648.3600460962351,2024-08-21 11:21:56,2024-10-08 12:18:48,2024-10-12 02:38:27,Tuesday,12
394,b,19,0,596.7235727236285,648.3600460962351,4.535843633818672,0.123,0.05279753758353607,0.0,4.76972685779204,4.9455243953755765,648.5358436338187,653.3055704916108,2024-08-21 11:21:56,2024-10-12 06:51:36,2024-10-17 01:20:01,Saturday,6
394,b,20,0,596.7235727236285,653.3055704916108,2.6138936336108145,0.082,0.22632314200002793,0.0,0.349267781401432,0.6575909234014599,653.6138936336108,653.9631614150122,2024-08-21 11:21:56,2024-10-17 08:44:00,2024-10-17 17:06:57,Thursday,8
394,d,21,0,596.7235727236285,653.9631614150122,3.1054871195350415,0.123,0.019325704522804396,0.39451288046495847,1.7612652241561542,2.298103809143917,654.5,656.2612652241562,2024-08-21 11:21:56,2024-10-18 06:00:00,2024-10-20 00:16:13,Friday,6
395,b,1,0,597.6045233427288,597.6045233427288,2.7228103573346516,0.041,0.07728701460577554,0.0,0.7842558789207617,0.9025428935265372,597.7228103573347,598.5070662362555,2024-08-22 08:30:30,2024-08-22 11:20:50,2024-08-23 06:10:10,Thursday,11
395,d,2,0,597.6045233427288,598.5070662362554,3.5160416852705794,0.0,0.008975449015268913,0.0,0.020154826292917802,0.029130275308186716,598.5160416852706,598.5361965115635,2024-08-22 08:30:30,2024-08-23 06:23:06,2024-08-23 06:52:07,Friday,6
395,d,3,0,597.6045233427288,598.5361965115635,3.6897790770486836,0.082,0.07158256548522522,0.0,2.032957997821465,2.1865405633066906,598.6897790770487,600.7227370748701,2024-08-22 08:30:30,2024-08-23 10:33:16,2024-08-25 11:20:44,Friday,10
395,e,4,0,597.6045233427288,600.7227370748702,5.901148278243113,0.082,0.0964112033729053,1.598851721756887,5.4638821540457245,7.241145079175517,602.5,607.9638821540457,2024-08-22 08:30:30,2024-08-27 06:00:00,2024-09-01 17:07:59,Tuesday,6
395,d,5,0,597.6045233427288,607.9638821540458,6.250622626329687,0.123,0.16374047228384378,1.2493773736703133,15.791620074797098,17.327737920751254,609.5,625.2916200747972,2024-08-22 08:30:30,2024-09-03 06:00:00,2024-09-19 00:59:55,Tuesday,6
396,e,1,0,597.7795978779494,597.7795978779494,3.0808052337730487,0.041,0.2602073558236352,0.4191947662269513,0.7353311033414263,1.4557332253920128,598.5,599.2353311033414,2024-08-22 12:42:37,2024-08-23 06:00:00,2024-08-23 23:38:52,Friday,6
396,b,2,0,597.7795978779494,599.2353311033414,4.440073867510591,0.041,0.16374276416918254,0.0599261324894087,0.14392995956381877,0.40859885622241005,599.5000000000001,599.6439299595639,2024-08-22 12:42:37,2024-08-24 06:00:00,2024-08-24 09:27:15,Saturday,6
396,b,3,0,597.7795978779494,599.6439299595638,5.044217707148277,0.082,0.31828774758445416,2.4557822928517226,1.9232152716302438,4.7792853120664205,602.5,604.4232152716303,2024-08-22 12:42:37,2024-08-27 06:00:00,2024-08-29 04:09:25,Tuesday,6
396,f,4,0,597.7795978779494,604.4232152716303,2.5337076943287684,0.082,0.02849242269851653,0.0,0.10305751138036623,0.21354993407888276,604.5337076943288,604.6367652057091,2024-08-22 12:42:37,2024-08-29 06:48:32,2024-08-29 09:16:56,Thursday,6
397,f,1,0,599.76649803441,599.76649803441,4.831579307894685,0.041,0.024081273484722766,0.0,3.6212517351909272,3.68633300867565,599.8315793078948,603.4528310430858,2024-08-24 12:23:45,2024-08-24 13:57:28,2024-08-28 04:52:04,Saturday,13
397,d,2,0,599.76649803441,603.4528310430857,1.641940779910783,0.082,0.10710973682509393,0.0,0.059772434529533555,0.24888217135462748,603.6419407799108,603.7017132144404,2024-08-24 12:23:45,2024-08-28 09:24:23,2024-08-28 10:50:28,Wednesday,9
397,f,3,0,599.76649803441,603.7017132144402,1.9072695379504694,0.082,0.12355632351019336,0.0,0.26891884997664695,0.4744751734868403,603.9072695379505,604.1761883879271,2024-08-24 12:23:45,2024-08-28 15:46:28,2024-08-28 22:13:42,Wednesday,15
398,d,1,0,600.9095734954042,600.9095734954042,5.960968125101886,0.041,0.010394629697686859,1.5390318748981144,4.2206546439193415,5.811081148515143,602.5,606.7206546439194,2024-08-25 15:49:47,2024-08-27 06:00:00,2024-08-31 11:17:44,Tuesday,6
398,f,2,0,600.9095734954042,606.7206546439193,4.820893643192221,0.0,0.10023899927297258,0.0,0.0012055076774720077,0.10144450695044459,606.8208936431922,606.8220991508697,2024-08-25 15:49:47,2024-08-31 13:42:05,2024-08-31 13:43:49,Saturday,13
398,d,3,0,600.9095734954042,606.8220991508697,4.931469471971468,0.041,0.06837032110181297,0.0,5.821811897136616,5.931182218238429,606.9314694719716,612.7532813691082,2024-08-25 15:49:47,2024-08-31 16:21:18,2024-09-06 12:04:43,Saturday,16
398,f,4,0,600.9095734954042,612.7532813691081,3.8422634130400866,0.082,0.006982043931940102,0.0,0.07476692893090114,0.16374897286284124,612.84226341304,612.9170303419709,2024-08-25 15:49:47,2024-09-06 14:12:51,2024-09-06 16:00:31,Friday,14
398,b,5,0,600.9095734954042,612.917030341971,4.0108622589471,0.082,0.011831916976120828,0.4891377410529003,2.269448267814219,2.8524179258432403,613.5,615.7694482678143,2024-08-25 15:49:47,2024-09-07 06:00:00,2024-09-09 12:28:00,Saturday,6
399,b,1,0,602.2372269729099,602.2372269729099,0.2925305693846667,0.041,0.014303596474773165,0.2074694306153333,1.4948811053127333,1.7576541324028399,602.5,603.9948811053127,2024-08-26 23:41:36,2024-08-27 06:00:00,2024-08-28 17:52:37,Tuesday,6
399,f,2,0,602.2372269729099,603.9948811053127,2.3835796538985505,0.082,0.3066985485857775,0.11642034610144947,0.0012627896152086519,0.5063816843024356,604.5,604.5012627896152,2024-08-26 23:41:36,2024-08-29 06:00:00,2024-08-29 06:01:49,Thursday,6
399,d,3,0,602.2372269729099,604.5012627896152,2.560988867277615,0.041,0.018726077662333543,0.0,28.81935843978063,28.879084517442962,604.5609888672776,633.3803473070583,2024-08-26 23:41:36,2024-08-29 07:27:49,2024-09-27 03:07:42,Thursday,7
399,f,4,0,602.2372269729099,633.3803473070582,3.489879661721943,0.082,0.02753235466376728,0.010120338278056806,0.6196590680424265,0.7393117609842507,633.5,634.1196590680424,2024-08-26 23:41:36,2024-09-27 06:00:00,2024-09-27 20:52:18,Friday,6
399,e,5,0,602.2372269729099,634.1196590680424,4.383691995039385,0.041,0.2230329269969103,0.11630800496061511,0.8224652754392175,1.202806207396743,634.5,635.3224652754392,2024-08-26 23:41:36,2024-09-28 06:00:00,2024-09-29 01:44:20,Saturday,6
399,f,6,0,602.2372269729099,635.3224652754392,5.387007494495833,0.041,0.0235422190565945,2.1129925055041667,1.9741359968535077,4.151670721414269,637.5,639.4741359968535,2024-08-26 23:41:36,2024-10-01 06:00:00,2024-10-03 05:22:45,Tuesday,6
399,e,7,0,602.2372269729099,639.4741359968534,2.603516445196078,0.082,0.04738044834266899,0.0,1.2677906009001514,1.3971710492428204,639.6035164451961,640.8713070460963,2024-08-26 23:41:36,2024-10-03 08:29:03,2024-10-04 14:54:40,Thursday,8
399,e,8,0,602.2372269729099,640.8713070460963,3.9654488453981003,0.041,0.05314179930182625,0.0,3.3985006550302552,3.4926424543320813,640.9654488453981,644.3639495004284,2024-08-26 23:41:36,2024-10-04 17:10:14,2024-10-08 02:44:05,Friday,17
399,d,9,0,602.2372269729099,644.3639495004284,0.6933542507339325,0.0,0.32940475030560834,0.0,11.512865665918966,11.842270416224574,644.6933542507339,656.2062199166529,2024-08-26 23:41:36,2024-10-08 10:38:25,2024-10-19 22:56:57,Tuesday,10
399,d,10,0,602.2372269729099,656.2062199166529,5.267631631565905,0.041,0.020411714912997404,2.232368368434095,1.0226675538692327,3.316447637216325,658.5000000000001,659.5226675538694,2024-08-26 23:41:36,2024-10-22 06:00:00,2024-10-23 06:32:38,Tuesday,6
400,d,1,0,602.9041395120844,602.9041395120844,0.996234534086625,0.082,0.010095022002186847,0.0,0.1724290049130035,0.26452402691519034,602.9962345340865,603.1686635389996,2024-08-27 15:41:57,2024-08-27 17:54:34,2024-08-27 22:02:52,Tuesday,17
400,f,2,0,602.9041395120844,603.1686635389996,1.2554875601514368,0.082,0.004824021151857664,0.2445124398485632,0.04630080324016523,0.3776372642405861,603.5,603.5463008032401,2024-08-27 15:41:57,2024-08-28 06:00:00,2024-08-28 07:06:40,Wednesday,6
400,e,3,0,602.9041395120844,603.5463008032401,1.774955013664453,0.082,0.14665421042431875,0.0,1.0599664279696346,1.2886206383939534,603.7749550136645,604.834921441634,2024-08-27 15:41:57,2024-08-28 12:35:56,2024-08-29 14:02:17,Wednesday,12
400,f,4,0,602.9041395120844,604.834921441634,3.0429620329082354,0.082,0.12604059127414796,0.4570379670917646,0.06255161397906031,0.7276301723449728,605.5,605.562551613979,2024-08-27 15:41:57,2024-08-30 06:00:00,2024-08-30 07:30:04,Friday,6
400,e,5,0,602.9041395120844,605.562551613979,3.797451190898755,0.041,0.1938995769197126,0.0,0.3409305544642452,0.5758301313839578,605.7974511908989,606.1383817453631,2024-08-27 15:41:57,2024-08-30 13:08:19,2024-08-30 21:19:16,Friday,13
401,f,1,0,604.2239538154389,604.2239538154389,2.736540607873053,0.041,0.4715867924341936,0.0,1.4445248521585,1.9571116445926935,604.7365406078732,606.1810654600316,2024-08-28 23:22:29,2024-08-29 11:40:37,2024-08-30 22:20:44,Thursday,11
401,e,2,0,604.2239538154389,606.1810654600316,4.282860701238974,0.082,0.019795241207317227,0.2171392987610261,0.9524813764892475,1.2714159164575909,606.5,607.4524813764892,2024-08-28 23:22:29,2024-08-31 06:00:00,2024-09-01 04:51:34,Saturday,6
402,c,1,0,606.822995823314,606.822995823314,4.941400664347498,0.041,0.0774048410334176,0.0,0.05509295997821263,0.17349780101163026,606.9414006643475,606.9964936243257,2024-08-31 13:45:06,2024-08-31 16:35:37,2024-08-31 17:54:57,Saturday,16
402,e,2,0,606.822995823314,606.9964936243257,5.089156718301865,0.0,0.09266309397615097,2.410843281698135,0.16612326908572936,2.669629644760015,609.5,609.6661232690857,2024-08-31 13:45:06,2024-09-03 06:00:00,2024-09-03 09:59:13,Tuesday,6
402,b,3,0,606.822995823314,609.6661232690857,0.8819026453473953,0.082,0.1337793762617547,0.0,0.23104258364361316,0.4468219599053679,609.8819026453474,610.112945228991,2024-08-31 13:45:06,2024-09-03 15:09:56,2024-09-03 20:42:38,Tuesday,15
402,d,4,0,606.822995823314,610.1129452289911,1.2271004040434264,0.082,0.03215517505238331,0.27289959595657365,0.40593350459881966,0.7929882756077766,610.5,610.9059335045988,2024-08-31 13:45:06,2024-09-04 06:00:00,2024-09-04 15:44:32,Wednesday,6
402,f,5,0,606.822995823314,610.9059335045988,1.9318330255110823,0.0,0.025899520912247887,0.0,2.2085774267989886,2.2344769477112365,610.9318330255111,613.1404104523101,2024-08-31 13:45:06,2024-09-04 16:21:50,2024-09-06 21:22:11,Wednesday,16
402,f,6,0,606.822995823314,613.14041045231,4.209309239257891,0.041,0.027898786947906047,0.290690760742109,11.065074590853985,11.424664138544001,613.5000000000001,624.5650745908541,2024-08-31 13:45:06,2024-09-07 06:00:00,2024-09-18 07:33:42,Saturday,6
402,d,7,0,606.822995823314,624.565074590854,1.5824797443214038,0.0,0.0174051534673717,0.0,1.3946770843505139,1.4120822378178854,624.5824797443214,625.9771568286719,2024-08-31 13:45:06,2024-09-18 07:58:46,2024-09-19 17:27:06,Wednesday,7
402,b,8,0,606.822995823314,625.9771568286719,3.0827884940291597,0.041,0.06463166535721435,0.41721150597084034,0.17926276285897205,0.7021059341870267,626.5,626.679262762859,2024-08-31 13:45:06,2024-09-20 06:00:00,2024-09-20 10:18:08,Friday,6
402,f,9,0,606.822995823314,626.6792627628589,3.979534680633151,0.082,0.2182719177742113,0.0,0.10928485947855708,0.4095567772527684,626.9795346806332,627.0888195401117,2024-08-31 13:45:06,2024-09-20 17:30:31,2024-09-20 20:07:54,Friday,17
402,f,10,0,606.822995823314,627.0888195401117,4.4857013742418985,0.123,0.2738818341301846,0.01429862575810148,1.553198745664495,1.964379205552781,627.5,629.0531987456645,2024-08-31 13:45:06,2024-09-21 06:00:00,2024-09-22 19:16:36,Saturday,6
403,f,1,0,609.1299881873878,609.1299881873878,0.20637899018390726,0.041,0.03539080279612149,0.29362100981609274,3.7974033585506013,4.167415171162816,609.5,613.2974033585506,2024-09-02 21:07:10,2024-09-03 06:00:00,2024-09-07 01:08:15,Tuesday,6
403,b,2,0,609.1299881873878,613.2974033585506,4.438675826614144,0.123,0.0182724680635314,0.06132417338585583,0.11228615016190767,0.3148827916112949,613.5,613.6122861501619,2024-09-02 21:07:10,2024-09-07 06:00:00,2024-09-07 08:41:41,Saturday,6
403,c,3,0,609.1299881873878,613.6122861501618,4.644369458319602,0.0,0.03208330815776369,0.0,1.3890659901332538,1.4211492982910174,613.6443694583196,615.0334354484529,2024-09-02 21:07:10,2024-09-07 09:27:53,2024-09-08 18:48:08,Saturday,9
403,b,4,0,609.1299881873878,615.0334354484528,6.070175827517687,0.0,0.0367403790648838,1.4298241724823129,1.4453657270621718,2.9119302786093684,616.5,617.9453657270622,2024-09-02 21:07:10,2024-09-10 06:00:00,2024-09-11 16:41:19,Tuesday,6
403,d,5,0,609.1299881873878,617.9453657270622,2.2001780078353477,0.082,0.1728122807731543,0.29982199216465233,2.1214416256960256,2.676075898633832,618.5,620.621441625696,2024-09-02 21:07:10,2024-09-12 06:00:00,2024-09-14 08:54:52,Thursday,6
404,b,1,0,610.8120266899017,610.8120266899017,2.08515542722148,0.082,0.1911287373197941,0.41484457277852016,2.1978501808760478,2.885823490974362,611.5,613.697850180876,2024-09-04 13:29:19,2024-09-05 06:00:00,2024-09-07 10:44:54,Thursday,6
404,e,2,0,610.8120266899017,613.6978501808761,5.176164537756563,0.041,0.43731435688042625,2.323835462243437,0.20379313646725145,3.005942955591115,616.5,616.7037931364672,2024-09-04 13:29:19,2024-09-10 06:00:00,2024-09-10 10:53:27,Tuesday,6
404,c,3,0,610.8120266899017,616.7037931364672,0.8740510810656588,0.082,0.08825794459845382,0.0,4.420327289008619,4.590585233607073,616.8740510810657,621.2943783700742,2024-09-04 13:29:19,2024-09-10 14:58:38,2024-09-15 01:03:54,Tuesday,14
405,d,1,0,614.8579158494639,614.8579158494639,5.9659795583494315,0.082,0.026063708885481703,1.5340204416505685,1.7874730886058152,3.4295572391418654,616.4999999999999,618.2874730886057,2024-09-08 14:35:23,2024-09-10 05:59:59,2024-09-12 00:53:57,Tuesday,5
406,e,1,0,615.698823324565,615.698823324565,6.862248689698731,0.041,0.12242536513377665,0.6377513103012689,3.091677385573146,3.8928540610081916,616.5,619.5916773855731,2024-09-09 10:46:18,2024-09-10 06:00:00,2024-09-13 08:12:00,Tuesday,6
406,b,2,0,615.698823324565,619.5916773855731,3.6638540681626637,0.0,0.07217668258953103,0.0,0.09828702994773526,0.17046371253726628,619.6638540681627,619.7621410981104,2024-09-09 10:46:18,2024-09-13 09:55:56,2024-09-13 12:17:28,Friday,9
406,d,3,0,615.698823324565,619.7621410981104,3.7915423817757983,0.0,0.029401283665398504,0.0,3.4954191575017792,3.5248204411671775,619.7915423817758,623.2869615392776,2024-09-09 10:46:18,2024-09-13 12:59:49,2024-09-17 00:53:13,Friday,12
406,f,4,0,615.698823324565,623.2869615392776,0.37511541909555035,0.082,0.006153879817871875,0.12488458090444965,0.027711087743904916,0.24074954846622643,623.4999999999999,623.5277110877438,2024-09-09 10:46:18,2024-09-17 05:59:59,2024-09-17 06:39:54,Tuesday,5
406,b,5,0,615.698823324565,623.5277110877439,0.8219525629572217,0.082,0.2122414752132986,0.0,1.630313894912092,1.9245553701253908,623.8219525629572,625.4522664578693,2024-09-09 10:46:18,2024-09-17 13:43:36,2024-09-19 04:51:15,Tuesday,13
406,d,6,0,615.698823324565,625.4522664578693,2.5672332617245956,0.041,0.07396680385533619,0.0,1.1204757779809658,1.235442581836302,625.5672332617247,626.6877090397056,2024-09-09 10:46:18,2024-09-19 07:36:48,2024-09-20 10:30:18,Thursday,7
406,f,7,0,615.698823324565,626.6877090397056,3.735545531823959,0.041,0.006836492118361841,0.0,1.0672190231612368,1.1150555152795987,626.7355455318241,627.8027645549853,2024-09-09 10:46:18,2024-09-20 11:39:11,2024-09-21 13:15:58,Friday,11
406,b,8,0,615.698823324565,627.8027645549852,4.964418800534986,0.082,0.07965424554981548,0.0,0.19901990154936905,0.36067414709918455,627.964418800535,628.1634387020844,2024-09-09 10:46:18,2024-09-21 17:08:45,2024-09-21 21:55:21,Saturday,17
406,b,9,0,615.698823324565,628.1634387020844,5.291007726434486,0.123,0.004569024350077527,2.2089922735655136,0.30722454488617784,2.6437858428017686,630.5,630.8072245448861,2024-09-09 10:46:18,2024-09-24 06:00:00,2024-09-24 13:22:24,Tuesday,6
406,e,10,0,615.698823324565,630.8072245448861,0.8774413372447043,0.0,0.07021679235859353,0.0,3.8172085928683193,3.887425385226913,630.8774413372447,634.694649930113,2024-09-09 10:46:18,2024-09-24 15:03:30,2024-09-28 10:40:17,Tuesday,15
406,f,11,0,615.698823324565,634.6946499301131,4.789793984715516,0.082,0.013144054602397218,0.0,0.3541746479830963,0.4493187025854935,634.7897939847155,635.1439686326986,2024-09-09 10:46:18,2024-09-28 12:57:18,2024-09-28 21:27:18,Saturday,12
406,e,12,0,615.698823324565,635.1439686326986,5.266481802444787,0.082,0.04051316974621014,2.233518197555213,2.1811196254490217,4.537150992750445,637.5,639.681119625449,2024-09-09 10:46:18,2024-10-01 06:00:00,2024-10-03 10:20:48,Tuesday,6
406,f,13,0,615.698823324565,639.681119625449,2.967459850557475,0.123,0.16334022510842564,0.0,3.61039492041171,3.8967351455201356,639.9674598505575,643.5778547709692,2024-09-09 10:46:18,2024-10-03 17:13:08,2024-10-07 07:52:06,Thursday,17
406,e,14,0,615.698823324565,643.5778547709691,6.727760017458081,0.082,0.06790524648900267,0.7722399825419188,0.4282262980761092,1.3503715271070307,644.5,644.9282262980761,2024-09-09 10:46:18,2024-10-08 06:00:00,2024-10-08 16:16:38,Tuesday,6
407,c,1,0,619.2307350910723,619.2307350910723,3.327712305680052,0.082,0.014977214607653278,0.17228769431994806,1.5324390302651292,1.8017039391927305,619.4999999999999,621.032439030265,2024-09-12 23:32:15,2024-09-13 05:59:59,2024-09-14 18:46:42,Friday,5
407,c,2,0,619.2307350910723,621.0324390302651,5.325534295240004,0.082,0.21109526497487036,2.174465704759996,0.8883357983399061,3.355896768074772,623.5,624.3883357983399,2024-09-12 23:32:15,2024-09-17 06:00:00,2024-09-18 03:19:12,Tuesday,6
407,c,3,0,619.2307350910723,624.3883357983399,1.4920103121626198,0.082,0.0216745138227378,0.007989687837380188,9.988466073506698,10.100130275166816,624.5,634.4884660735067,2024-09-12 23:32:15,2024-09-18 06:00:00,2024-09-28 05:43:23,Wednesday,6
407,f,4,0,619.2307350910723,634.4884660735067,4.5558550816061825,0.041,0.026389008099449846,0.0,0.38817772703260034,0.4555667351320502,634.5558550816063,634.9440328086389,2024-09-12 23:32:15,2024-09-28 07:20:25,2024-09-28 16:39:24,Saturday,7
407,f,5,0,619.2307350910723,634.9440328086388,4.9920866543768625,0.0,0.048053845738027644,0.0,3.8362511183988834,3.884304964136911,634.9920866543769,638.8283377727757,2024-09-12 23:32:15,2024-09-28 17:48:36,2024-10-02 13:52:48,Saturday,17
407,f,6,0,619.2307350910723,638.8283377727757,1.9745690312961415,0.041,0.10523125852037335,0.0,1.9252633237083117,2.071494582228685,638.9745690312961,640.8998323550045,2024-09-12 23:32:15,2024-10-02 17:23:22,2024-10-04 15:35:45,Wednesday,17
408,f,1,0,624.1929338523221,624.1929338523221,1.3888282650883639,0.082,0.11389441276633049,0.11117173491163612,3.822887291178719,4.129953438856686,624.5,628.3228872911787,2024-09-17 22:37:49,2024-09-18 06:00:00,2024-09-22 01:44:57,Wednesday,6
409,c,1,0,625.6635612472423,625.6635612472423,2.7734614961776742,0.082,0.027900248935304357,0.0,1.5815068522627909,1.6914071011980951,625.7734614961777,627.3549683484405,2024-09-19 09:55:31,2024-09-19 12:33:47,2024-09-21 02:31:09,Thursday,12
410,f,1,0,627.1355611673814,627.1355611673814,4.250580732606181,0.082,0.033019565224806494,0.2494192673938187,2.0222551287420503,2.3866939613606757,627.5,629.522255128742,2024-09-20 21:15:12,2024-09-21 06:00:00,2024-09-23 06:32:02,Saturday,6
410,c,2,0,627.1355611673814,629.5222551287421,6.670772306671779,0.041,0.10751717792966908,0.829227693328221,3.2237543713970758,4.2014992426549655,630.5000000000001,633.7237543713971,2024-09-20 21:15:12,2024-09-24 06:00:00,2024-09-27 11:22:12,Tuesday,6
410,f,3,0,627.1355611673814,633.7237543713971,3.926721573527857,0.041,0.16196720213066432,0.0,0.6884391119358081,0.8914063140664724,633.9267215735279,634.6151606854637,2024-09-20 21:15:12,2024-09-27 16:14:28,2024-09-28 08:45:49,Friday,16
410,e,4,0,627.1355611673814,634.6151606854636,4.754432520433852,0.082,0.05727183497022025,0.0,4.440679080905775,4.579950915875995,634.7544325204339,639.1951116013396,2024-09-20 21:15:12,2024-09-28 12:06:22,2024-10-02 22:40:57,Saturday,12
411,d,1,0,629.6463700187159,629.6463700187159,6.8616101612083185,0.082,0.1332401424924345,0.6383898387916815,0.12029064587135059,0.9739206271554667,630.5,630.6202906458714,2024-09-23 09:30:46,2024-09-24 06:00:00,2024-09-24 08:53:13,Tuesday,6
411,c,2,0,629.6463700187159,630.6202906458714,0.8032626864452368,0.041,0.14197204057386914,0.0,0.3352724967233488,0.518244537297218,630.8032626864452,631.1385351831686,2024-09-23 09:30:46,2024-09-24 13:16:41,2024-09-24 21:19:29,Tuesday,13
411,d,3,0,629.6463700187159,631.1385351831685,1.2530282585961459,0.082,0.03249307542758684,0.24697174140385414,6.331231642626456,6.692696459457897,631.5,637.8312316426264,2024-09-23 09:30:46,2024-09-25 06:00:00,2024-10-01 13:56:58,Wednesday,6
411,e,4,0,629.6463700187159,637.8312316426264,0.9397870221407629,0.082,0.026555379514279488,0.0,5.77675369467593,5.88530907419021,637.9397870221408,643.7165407168167,2024-09-23 09:30:46,2024-10-01 16:33:17,2024-10-07 11:11:49,Tuesday,16
412,c,1,0,632.0301194405423,632.0301194405423,2.2119049756510094,0.041,0.14078553510871603,0.2880950243489906,0.16425480228713196,0.6341353617448386,632.5000000000001,632.6642548022872,2024-09-25 18:43:22,2024-09-26 06:00:00,2024-09-26 09:56:31,Thursday,6
413,f,1,0,635.0866926827815,635.0866926827815,5.144895651986417,0.041,0.017202969204945715,2.355104348013583,0.7211186268947348,3.134425944113264,637.5000000000001,638.2211186268948,2024-09-28 20:04:50,2024-10-01 06:00:00,2024-10-01 23:18:24,Tuesday,6
413,d,2,0,635.0866926827815,638.2211186268947,1.2928694893900001,0.041,0.03075086249522932,0.20713051060999987,0.7114630616680329,0.9903444347732621,638.5,639.211463061668,2024-09-28 20:04:50,2024-10-02 06:00:00,2024-10-02 23:04:30,Wednesday,6
413,c,3,0,635.0866926827815,639.211463061668,2.368644689220446,0.041,0.11618162755238003,0.1313553107795542,1.3009771123847893,1.5895140507167236,639.5,640.8009771123848,2024-09-28 20:04:50,2024-10-03 06:00:00,2024-10-04 13:13:24,Thursday,6
413,f,4,0,635.0866926827815,640.8009771123848,4.101935239091404,0.041,0.25995812670662793,0.3980647609085963,0.1931771505680939,0.8922000381833182,641.5,641.6931771505681,2024-09-28 20:04:50,2024-10-05 06:00:00,2024-10-05 10:38:10,Saturday,6
413,e,5,0,635.0866926827815,641.6931771505681,4.710002591828356,0.0,0.016825441260248684,0.0,1.439539816884773,1.4563652581450217,641.7100025918284,643.1495424087132,2024-09-28 20:04:50,2024-10-05 11:02:24,2024-10-06 21:35:20,Saturday,11
414,f,1,0,636.0740681941434,636.0740681941434,6.279227667633904,0.082,0.12315947349058519,1.2207723323660957,0.11186438120756273,1.5377961870642438,637.5,637.6118643812075,2024-09-29 19:46:39,2024-10-01 06:00:00,2024-10-01 08:41:05,Tuesday,6
414,d,2,0,636.0740681941434,637.6118643812076,0.719107035820798,0.041,0.06624265461318486,0.0,0.07321185765336088,0.18045451226654574,637.7191070358209,637.7923188934743,2024-09-29 19:46:39,2024-10-01 11:15:30,2024-10-01 13:00:56,Tuesday,11
414,c,3,0,636.0740681941434,637.7923188934742,0.9436245104105865,0.041,0.11030561693643055,0.0,1.4602526287922815,1.611558245728712,637.9436245104107,639.403877139203,2024-09-29 19:46:39,2024-10-01 16:38:49,2024-10-03 03:41:34,Tuesday,16
414,e,4,0,636.0740681941434,639.4038771392029,2.713014271815041,0.082,0.2271371326121009,0.0,2.9750382564155213,3.2841753890276224,639.713014271815,642.6880525282305,2024-09-29 19:46:39,2024-10-03 11:06:44,2024-10-06 10:30:47,Thursday,11
414,f,5,0,636.0740681941434,642.6880525282305,5.81936906173928,0.082,0.04931653350872473,1.6806309382607196,0.6493507966023986,2.461298268371843,644.5,645.1493507966024,2024-09-29 19:46:39,2024-10-08 06:00:00,2024-10-08 21:35:03,Tuesday,6
414,c,6,0,636.0740681941434,645.1493507966023,1.2773049763172821,0.041,0.08695417971497346,0.22269502368271787,0.46857219932233257,0.819221402720024,645.5000000000001,645.9685721993225,2024-09-29 19:46:39,2024-10-09 06:00:00,2024-10-09 17:14:44,Wednesday,6
414,e,7,0,636.0740681941434,645.9685721993224,2.068291520818775,0.041,0.05871932149639517,0.4317084791812249,0.07836815569194047,0.6097959563695605,646.5,646.5783681556919,2024-09-29 19:46:39,2024-10-10 06:00:00,2024-10-10 07:52:51,Thursday,6
414,d,8,0,636.0740681941434,646.5783681556919,2.782729238029674,0.082,0.12236108233780887,0.0,22.71057119368514,22.91493227602295,646.7827292380297,669.4933004317148,2024-09-29 19:46:39,2024-10-10 12:47:07,2024-11-02 05:50:21,Thursday,12
414,d,9,0,636.0740681941434,669.4933004317148,4.717632598654177,0.041,0.1833321669393036,0.0,0.4160903000562348,0.6404224669955384,669.7176325986542,670.1337228987104,2024-09-29 19:46:39,2024-11-02 11:13:23,2024-11-02 21:12:33,Saturday,11
414,e,10,0,636.0740681941434,670.1337228987104,5.274269580067539,0.123,0.01754668135718717,2.225730419932461,0.40633744322149523,2.772614544511143,672.5000000000001,672.9063374432216,2024-09-29 19:46:39,2024-11-05 06:00:00,2024-11-05 15:45:07,Tuesday,6
414,f,11,0,636.0740681941434,672.9063374432216,0.9958848784847305,0.041,0.0485474352631758,0.0,2.909192676413527,2.9987401116767027,672.9958848784848,675.9050775548984,2024-09-29 19:46:39,2024-11-05 17:54:04,2024-11-08 15:43:18,Tuesday,17
414,b,12,0,636.0740681941434,675.9050775548983,4.140058670062558,0.041,0.19398111516427155,0.3599413299374419,0.12425188705546146,0.7191743321571749,676.5000000000001,676.6242518870556,2024-09-29 19:46:39,2024-11-09 06:00:00,2024-11-09 08:58:55,Saturday,6
414,e,13,0,636.0740681941434,676.6242518870555,4.715578795927399,0.082,0.009326908871962521,0.0,0.016323496693502138,0.10765040556546467,676.7155787959274,676.7319022926209,2024-09-29 19:46:39,2024-11-09 11:10:26,2024-11-09 11:33:56,Saturday,11
414,c,14,0,636.0740681941434,676.7319022926209,4.918609887106641,0.123,0.06370759448572562,0.0,1.6752010430428532,1.861908637528579,676.9186098871068,678.5938109301496,2024-09-29 19:46:39,2024-11-09 16:02:47,2024-11-11 08:15:05,Saturday,16
414,f,15,0,636.0740681941434,678.5938109301495,6.7396192620445845,0.041,0.10480833189510563,0.7603807379554155,0.12180544563160049,1.0279945154821217,679.5000000000001,679.6218054456317,2024-09-29 19:46:39,2024-11-12 06:00:00,2024-11-12 08:55:23,Tuesday,6
414,b,16,0,636.0740681941434,679.6218054456316,0.7634400611395904,0.041,0.1006346155079513,0.0,0.13750514167148528,0.2791397571794366,679.7634400611396,679.900945202811,2024-09-29 19:46:39,2024-11-12 12:19:21,2024-11-12 15:37:21,Tuesday,12
414,c,17,0,636.0740681941434,679.900945202811,0.9048254240955202,0.0,0.003880221284484671,0.0,2.8409570658480217,2.8448372871325063,679.9048254240955,682.7457824899435,2024-09-29 19:46:39,2024-11-12 15:42:56,2024-11-15 11:53:55,Tuesday,15
414,c,18,0,636.0740681941434,682.7457824899435,4.12904162393545,0.082,0.3012591339919559,0.37095837606455007,2.9227479955190088,3.676965505575515,683.5,686.422747995519,2024-09-29 19:46:39,2024-11-16 06:00:00,2024-11-19 04:08:45,Saturday,6
414,b,19,0,636.0740681941434,686.422747995519,0.5446641130617991,0.082,0.03991611754284171,0.0,1.2690769931276304,1.3909931106704723,686.5446641130618,687.8137411061895,2024-09-29 19:46:39,2024-11-19 07:04:18,2024-11-20 13:31:47,Tuesday,7
414,b,20,0,636.0740681941434,687.8137411061895,1.933449423784964,0.082,0.03770831759544116,0.0,0.10837000284964146,0.22807832044508264,687.9334494237849,688.0418194266344,2024-09-29 19:46:39,2024-11-20 16:24:10,2024-11-20 19:00:13,Wednesday,16
414,d,21,0,636.0740681941434,688.0418194266346,2.1010535990778862,0.0,0.05923417244335101,0.39894640092211375,0.6886921476818396,1.1468727210473044,688.5,689.1886921476819,2024-09-29 19:46:39,2024-11-21 06:00:00,2024-11-21 22:31:43,Thursday,6
414,b,22,0,636.0740681941434,689.1886921476819,3.2529091179050056,0.041,0.02321697022309635,0.2470908820949944,0.6556082732354763,0.9669161255535671,689.5,690.1556082732354,2024-09-29 19:46:39,2024-11-22 06:00:00,2024-11-22 21:44:04,Friday,6
414,f,23,0,636.0740681941434,690.1556082732354,4.217229367373989,0.041,0.02062109413853489,0.2827706326260113,0.35316198161009693,0.6975537083746431,690.5,690.8531619816101,2024-09-29 19:46:39,2024-11-23 06:00:00,2024-11-23 14:28:33,Saturday,6
414,e,24,0,636.0740681941434,690.8531619816101,5.083863407428339,0.082,0.14870142581816734,2.416136592571661,3.8002136504968402,6.447051668886669,693.5,697.3002136504969,2024-09-29 19:46:39,2024-11-26 06:00:00,2024-11-30 01:12:18,Tuesday,6
414,f,25,0,636.0740681941434,697.3002136504967,4.551432465844982,0.082,0.1692188153481889,0.0,0.255645732850046,0.5068645481982349,697.551432465845,697.8070781986951,2024-09-29 19:46:39,2024-11-30 07:14:03,2024-11-30 13:22:11,Saturday,7
415,e,1,0,637.934454377867,637.934454377867,1.0590934490651307,0.123,0.0016390711980583492,0.4409065509348693,0.2795284001702349,0.8450740223031625,638.5,638.7795284001702,2024-10-01 16:25:36,2024-10-02 06:00:00,2024-10-02 12:42:31,Wednesday,6
415,b,2,0,637.934454377867,638.7795284001702,1.9945215120928879,0.0,0.2149931119226424,0.0,0.0033764405160625465,0.21836955243870493,638.9945215120929,638.9978979526089,2024-10-01 16:25:36,2024-10-02 17:52:06,2024-10-02 17:56:58,Wednesday,17
415,f,3,0,637.934454377867,638.9978979526089,2.045797295337252,0.041,0.00689934272837979,0.45420270466274815,0.8403705583531738,1.3424726057443017,639.5000000000001,640.3403705583532,2024-10-01 16:25:36,2024-10-03 06:00:00,2024-10-04 02:10:08,Thursday,6
415,b,4,0,637.934454377867,640.3403705583532,3.456607244734414,0.082,0.03423668638111503,0.04339275526558595,0.33612236335896817,0.4957518050056692,640.4999999999999,640.8361223633589,2024-10-01 16:25:36,2024-10-04 05:59:59,2024-10-04 14:04:00,Friday,5
415,f,5,0,637.934454377867,640.8361223633589,3.9324846556104376,0.0,0.09636229225156578,0.0,4.296615420463621,4.392977712715187,640.9324846556104,645.229100076074,2024-10-01 16:25:36,2024-10-04 16:22:46,2024-10-08 23:29:54,Friday,16
415,b,6,0,637.934454377867,645.229100076074,1.3800893198881568,0.082,0.06898924381418174,0.11991068011184325,3.0859655615416908,3.356865485467716,645.5,648.5859655615417,2024-10-01 16:25:36,2024-10-09 06:00:00,2024-10-12 08:03:47,Wednesday,6
415,d,7,0,637.934454377867,648.5859655615417,4.629180162986586,0.0,0.0432146014449408,0.0,7.458043899992024,7.501258501436965,648.6291801629866,656.0872240629786,2024-10-01 16:25:36,2024-10-12 09:06:01,2024-10-19 20:05:36,Saturday,9
415,d,8,0,637.934454377867,656.0872240629786,5.428926993840378,0.082,0.25970293086169666,2.0710730061596223,1.7423946585310572,4.155170595552376,658.5,660.2423946585311,2024-10-01 16:25:36,2024-10-22 06:00:00,2024-10-23 23:49:02,Tuesday,6
415,b,9,0,637.934454377867,660.242394658531,2.4502579001721188,0.041,0.1668632416410894,0.04974209982788125,6.848902032434042,7.106507373903012,660.5,667.348902032434,2024-10-01 16:25:36,2024-10-24 06:00:00,2024-10-31 02:22:25,Thursday,6
415,c,10,0,637.934454377867,667.348902032434,2.3647625897075386,0.0,0.01586055727357677,0.1352374102924614,1.8061792746920153,1.9572772422580536,667.5,669.306179274692,2024-10-01 16:25:36,2024-10-31 06:00:00,2024-11-02 01:20:53,Thursday,6
415,d,11,0,637.934454377867,669.3061792746921,4.391424762448651,0.082,0.003245487756547102,0.10857523755134935,0.5693040730030143,0.7631247983109108,669.5,670.069304073003,2024-10-01 16:25:36,2024-11-02 06:00:00,2024-11-02 19:39:47,Saturday,6
415,d,12,0,637.934454377867,670.069304073003,5.16985570169561,0.082,0.018551628692672618,2.33014429830439,1.693829613211487,4.124525540208549,672.5,674.1938296132115,2024-10-01 16:25:36,2024-11-05 06:00:00,2024-11-06 22:39:06,Tuesday,6
415,b,13,0,637.934454377867,674.1938296132115,2.3551707333170953,0.041,0.12034112010555882,0.14482926668290474,0.05467762529759449,0.36084801208605805,674.5,674.5546776252976,2024-10-01 16:25:36,2024-11-07 06:00:00,2024-11-07 07:18:44,Thursday,6
415,f,14,0,637.934454377867,674.5546776252976,2.598944737409056,0.041,0.0032671121114967133,0.0,0.1270518083957335,0.1713189205072302,674.5989447374092,674.725996545805,2024-10-01 16:25:36,2024-11-07 08:22:28,2024-11-07 11:25:26,Thursday,8
416,d,1,0,639.4654539178432,639.4654539178432,2.5430021431703835,0.041,0.03654822532715281,0.0,0.030955345941102632,0.10850357126825544,639.5430021431704,639.5739574891115,2024-10-03 05:10:15,2024-10-03 07:01:55,2024-10-03 07:46:29,Thursday,7
416,c,2,0,639.4654539178432,639.5739574891114,2.637496227590418,0.041,0.0225387384789992,0.0,0.17062956309800995,0.23416830157700913,639.6374962275904,639.8081257906885,2024-10-03 05:10:15,2024-10-03 09:17:59,2024-10-03 13:23:42,Thursday,9
416,f,3,0,639.4654539178432,639.8081257906885,2.8998759449407316,0.082,0.009750154252281857,0.0,1.4376655173639634,1.5294156716162453,639.8998759449407,641.3375414623047,2024-10-03 05:10:15,2024-10-03 15:35:49,2024-10-05 02:06:03,Thursday,15
416,b,4,0,639.4654539178432,641.3375414623047,4.453595384829782,0.041,0.07505392252506111,0.04640461517021777,1.1688969535323963,1.3313554912276753,641.5,642.6688969535323,2024-10-03 05:10:15,2024-10-05 06:00:00,2024-10-06 10:03:12,Saturday,6
416,c,5,0,639.4654539178432,642.6688969535323,5.740064309654599,0.041,0.030167356122213513,1.7599356903454009,5.422877674906913,7.2539807213745275,644.5,649.9228776749069,2024-10-03 05:10:15,2024-10-08 06:00:00,2024-10-13 16:08:56,Tuesday,6
416,d,6,0,639.4654539178432,649.9228776749069,5.974531614475723,0.041,0.010653939568864314,1.5254683855242774,2.2964144968032114,3.8735368218963533,651.5000000000001,653.7964144968033,2024-10-03 05:10:15,2024-10-15 06:00:00,2024-10-17 13:06:50,Tuesday,6
416,d,7,0,639.4654539178432,653.7964144968032,2.9479072318449653,0.123,0.02849273504177497,0.0,1.698609948523236,1.850102683565011,653.9479072318451,655.6465171803683,2024-10-03 05:10:15,2024-10-17 16:44:59,2024-10-19 09:30:59,Thursday,16
416,e,8,0,639.4654539178432,655.6465171803682,4.695845738145749,0.041,0.008328557777589646,0.0,3.1027708987645717,3.152099456542161,655.6958457381459,658.7986166369104,2024-10-03 05:10:15,2024-10-19 10:42:01,2024-10-22 13:10:00,Saturday,10
416,f,9,0,639.4654539178432,658.7986166369103,0.9770431141872677,0.123,0.05542647727691377,0.0,0.04263004693498361,0.22105652421189737,658.9770431141873,659.0196731611222,2024-10-03 05:10:15,2024-10-22 17:26:56,2024-10-22 18:28:19,Tuesday,17
416,b,10,0,639.4654539178432,659.0196731611222,1.1445395321737806,0.123,0.0018663710515676064,0.35546046782621943,0.782008836223615,1.262335675101402,659.5000000000001,660.2820088362238,2024-10-03 05:10:15,2024-10-23 06:00:00,2024-10-24 00:46:05,Wednesday,6
416,e,11,0,639.4654539178432,660.2820088362237,2.3364237648395374,0.0,0.054414928615885684,0.1635762351604626,2.892979173129496,3.110970336905844,660.5,663.3929791731294,2024-10-03 05:10:15,2024-10-24 06:00:00,2024-10-27 03:25:53,Thursday,6
416,f,12,0,639.4654539178432,663.3929791731296,5.46539902875611,0.041,0.03141985562653695,2.03460097124389,0.9421992177492485,3.049220044619675,665.5,666.4421992177492,2024-10-03 05:10:15,2024-10-29 06:00:00,2024-10-30 04:36:46,Tuesday,6
416,b,13,0,639.4654539178432,666.4421992177492,1.6061558091424786,0.041,0.12295659139320264,0.0,0.3167264624648811,0.48068305385808374,666.6061558091425,666.9228822716074,2024-10-03 05:10:15,2024-10-30 08:32:51,2024-10-30 16:08:57,Wednesday,8
416,e,14,0,639.4654539178432,666.9228822716074,2.03623187455662,0.0,0.11334960294924377,0.4637681254433801,1.7130483773698613,2.290166105762485,667.5,669.2130483773699,2024-10-03 05:10:15,2024-10-31 06:00:00,2024-11-01 23:06:47,Thursday,6
416,c,15,0,639.4654539178432,669.2130483773699,4.378556439593467,0.082,0.0835080622235856,0.12144356040653292,1.1180330658060813,1.4049846884361998,669.5,670.6180330658061,2024-10-03 05:10:15,2024-11-02 06:00:00,2024-11-03 08:49:58,Saturday,6
416,e,16,0,639.4654539178432,670.6180330658061,5.7572415812418285,0.082,0.05720851543575794,1.7427584187581715,0.16600605822470837,2.0479729924186376,672.5,672.6660060582248,2024-10-03 05:10:15,2024-11-05 06:00:00,2024-11-05 09:59:02,Tuesday,6
417,b,1,0,640.0556291892041,640.0556291892041,3.118334154038166,0.0,0.06270496483412148,0.38166584596183384,0.20087020665867478,0.6452410174546301,640.5,640.7008702066587,2024-10-03 19:20:06,2024-10-04 06:00:00,2024-10-04 10:49:15,Friday,6
418,b,1,0,643.3864198292939,643.3864198292939,6.511005789998535,0.082,0.04258596070464246,0.988994210001465,0.5465309384597764,1.660111109165884,644.5,645.0465309384598,2024-10-07 03:16:26,2024-10-08 06:00:00,2024-10-08 19:07:00,Tuesday,6
418,d,2,0,643.3864198292939,645.0465309384598,1.4792965992253357,0.082,0.3507656607654917,0.02070340077466426,0.12985913746324404,0.5833281990034,645.5,645.6298591374632,2024-10-07 03:16:26,2024-10-09 06:00:00,2024-10-09 09:06:59,Wednesday,6
418,c,3,0,643.3864198292939,645.6298591374632,1.74420370551195,0.041,0.0733445680487726,0.0,0.10213936648977553,0.21648393453854814,645.7442037055121,645.8463430720018,2024-10-07 03:16:26,2024-10-09 11:51:39,2024-10-09 14:18:44,Wednesday,11
418,c,4,0,643.3864198292939,645.8463430720018,2.4878517796528286,0.0,0.6415087076510413,0.012148220347171446,1.4705028442638566,2.124159772262069,646.5,647.9705028442638,2024-10-07 03:16:26,2024-10-10 06:00:00,2024-10-11 17:17:31,Thursday,6
418,b,5,0,643.3864198292939,647.9705028442638,4.151360586069018,0.082,0.09885774180518608,0.3486394139309823,0.9849238790923439,1.5144210348285123,648.5,649.4849238790923,2024-10-07 03:16:26,2024-10-12 06:00:00,2024-10-13 05:38:17,Saturday,6
419,b,1,0,643.934528949053,643.934528949053,0.079579242145428,0.041,0.10405029309250909,0.420420757854572,0.962219195788863,1.527690246735944,644.5000000000001,645.462219195789,2024-10-07 16:25:43,2024-10-08 06:00:00,2024-10-09 05:05:35,Tuesday,6
419,e,2,0,643.934528949053,645.4622191957889,1.9205291667454958,0.082,0.37630997095662244,0.0,0.39218085593869495,0.8504908268953174,645.9205291667455,646.3127100226842,2024-10-07 16:25:43,2024-10-09 16:05:33,2024-10-10 01:30:18,Wednesday,16
420,f,1,0,644.5595117400351,644.5595117400351,0.6923476039814886,0.123,0.009835863946426566,0.0,0.5703236727890458,0.7031595367354724,644.6923476039816,645.2626712767707,2024-10-08 07:25:41,2024-10-08 10:36:58,2024-10-09 00:18:14,Tuesday,10
421,c,1,0,646.393265904118,646.393265904118,2.58171675244364,0.082,0.106450848325585,0.0,0.03690337264228983,0.22535422096787483,646.5817167524436,646.618620125086,2024-10-10 03:26:18,2024-10-10 07:57:40,2024-10-10 08:50:48,Thursday,7
421,c,2,0,646.393265904118,646.618620125086,2.667027258850453,0.041,0.007407133764522678,0.0,2.5579150563412227,2.6063221901057454,646.6670272588506,649.2249423151918,2024-10-10 03:26:18,2024-10-10 10:00:31,2024-10-12 23:23:55,Thursday,10
421,c,3,0,646.393265904118,649.2249423151917,5.32781509908034,0.082,0.020872783888685027,2.1721849009196603,1.8003770173417588,4.075434702150105,651.5,653.3003770173417,2024-10-10 03:26:18,2024-10-15 06:00:00,2024-10-17 01:12:32,Tuesday,6
421,b,4,0,646.393265904118,653.3003770173418,2.55771510935881,0.123,0.13433809201705008,0.0,0.2143637524527946,0.47170184446984464,653.5577151093589,653.7720788618117,2024-10-10 03:26:18,2024-10-17 07:23:06,2024-10-17 12:31:47,Thursday,7
421,b,5,0,646.393265904118,653.7720788618117,3.020633784443362,0.123,0.12555492263173837,0.47936621555663805,3.486919399042217,4.214840537230593,654.5000000000001,657.9869193990423,2024-10-10 03:26:18,2024-10-18 06:00:00,2024-10-21 17:41:09,Friday,6
421,b,6,0,646.393265904118,657.9869193990422,0.08963902237417187,0.082,0.020719623331918124,0.4103609776258281,13.354434277442696,13.867514878400442,658.5,671.8544342774427,2024-10-10 03:26:18,2024-10-22 06:00:00,2024-11-04 14:30:23,Tuesday,6
421,e,7,0,646.393265904118,671.8544342774427,0.02379630089501461,0.082,0.08736202345227623,0.4762036991049854,2.4114928561225923,3.057058578679854,672.5,674.9114928561225,2024-10-10 03:26:18,2024-11-05 06:00:00,2024-11-07 15:52:32,Tuesday,6
421,b,8,0,646.393265904118,674.9114928561225,3.0351153022347717,0.082,0.04162244611223966,0.46488469776522834,1.67745869110719,2.265965834984658,675.5,677.1774586911072,2024-10-10 03:26:18,2024-11-08 06:00:00,2024-11-09 22:15:32,Friday,6
421,e,9,0,646.393265904118,677.1774586911072,5.520615796992956,0.082,0.26115710588578833,1.9793842030070437,0.2768486937809972,2.5993900026738292,679.5,679.776848693781,2024-10-10 03:26:18,2024-11-12 06:00:00,2024-11-12 12:38:39,Tuesday,6
422,b,1,0,652.7321913386165,652.7321913386165,1.908431611525657,0.082,0.09424027290909168,0.0,1.9033616748840945,2.079601947793186,652.9084316115257,654.8117932864097,2024-10-16 11:34:21,2024-10-16 15:48:08,2024-10-18 13:28:58,Wednesday,15
422,f,2,0,652.7321913386165,654.8117932864097,3.897488972244446,0.041,0.04469568583475557,0.0,0.015583470799793438,0.101279156634549,654.8974889722446,654.9130724430444,2024-10-16 11:34:21,2024-10-18 15:32:23,2024-10-18 15:54:49,Friday,15
422,e,3,0,652.7321913386165,654.9130724430443,4.024030809303554,0.082,0.028958366259292295,0.4759691906964463,4.095043953552634,4.681971510508372,655.5,659.5950439535526,2024-10-16 11:34:21,2024-10-19 06:00:00,2024-10-23 08:16:51,Saturday,6
422,b,4,0,652.7321913386165,659.5950439535526,1.8117456927325293,0.123,0.09370173917996864,0.0,0.17497186197959527,0.39167360115956396,659.8117456927326,659.9867175547122,2024-10-16 11:34:21,2024-10-23 13:28:54,2024-10-23 17:40:52,Wednesday,13
422,f,5,0,652.7321913386165,659.9867175547122,2.1402826952584064,0.082,0.07156514054624695,0.3597173047415936,1.6203113836399694,2.13359382892781,660.5,662.12031138364,2024-10-16 11:34:21,2024-10-24 06:00:00,2024-10-25 20:53:14,Thursday,6
423,e,1,0,662.1601506678339,662.1601506678339,4.248872160394967,0.041,0.047721492561071055,0.25112783960503293,0.39781814460761733,0.7376674767737214,662.5000000000001,662.8978181446078,2024-10-25 21:50:37,2024-10-26 06:00:00,2024-10-26 15:32:51,Saturday,6
423,f,2,0,662.1601506678339,662.8978181446076,5.143573680973873,0.0,0.2457555363661916,2.356426319026127,0.07529689039278374,2.6774787457851024,665.5,665.5752968903928,2024-10-25 21:50:37,2024-10-29 06:00:00,2024-10-29 07:48:25,Tuesday,6
424,d,1,0,663.8078402140478,663.8078402140478,5.896656374451823,0.082,0.00681616040402784,1.6033436255481774,0.46611120923866756,2.1582709951908727,665.5,665.9661112092386,2024-10-27 13:23:17,2024-10-29 06:00:00,2024-10-29 17:11:12,Tuesday,6
424,f,2,0,663.8078402140478,665.9661112092386,1.024735551131016,0.041,0.01762434189240194,0.4752644488689839,0.047890640114340244,0.581779430875726,666.5000000000001,666.5478906401145,2024-10-27 13:23:17,2024-10-30 06:00:00,2024-10-30 07:08:57,Wednesday,6
425,c,1,0,664.1118736251757,664.1118736251757,6.236672036291907,0.082,0.04279841111627327,1.2633279637080932,8.907682800908104,10.29580917573247,665.5,674.4076828009081,2024-10-27 20:41:05,2024-10-29 06:00:00,2024-11-07 03:47:03,Tuesday,6
425,b,2,0,664.1118736251757,674.4076828009081,2.4750038783284936,0.041,0.026321077420424,0.024996121671506444,0.1862420940061691,0.27855929309809957,674.5000000000001,674.6862420940063,2024-10-27 20:41:05,2024-11-07 06:00:00,2024-11-07 10:28:11,Thursday,6
425,b,3,0,664.1118736251757,674.6862420940062,2.8850001346212366,0.082,0.11675804061509126,0.0,2.8044450901754043,3.003203130790496,674.8850001346212,677.6894452247966,2024-10-27 20:41:05,2024-11-07 15:14:24,2024-11-10 10:32:48,Thursday,15
426,d,1,0,665.8300827180783,665.8300827180783,1.0668696676438003,0.041,0.19578694956550952,0.4331303323561997,0.22143110582141792,0.8913483877431271,666.5000000000001,666.7214311058216,2024-10-29 13:55:19,2024-10-30 06:00:00,2024-10-30 11:18:51,Wednesday,6
426,b,2,0,665.8300827180783,666.7214311058215,1.813770697492032,0.041,0.05133959167052637,0.0,0.21745219097678647,0.30979178264731283,666.813770697492,667.0312228884688,2024-10-29 13:55:19,2024-10-30 13:31:49,2024-10-30 18:44:57,Wednesday,13
426,f,3,0,665.8300827180783,667.0312228884687,2.0835615716698612,0.041,0.011338683201073537,0.4164384283301388,1.4109804997537967,1.879757611285009,667.5,668.9109804997538,2024-10-29 13:55:19,2024-10-31 06:00:00,2024-11-01 15:51:48,Thursday,6
426,d,4,0,665.8300827180783,668.9109804997537,4.151274298679823,0.082,0.15829379892618017,0.348725701320177,0.9749307578008545,1.5639502580472118,669.5,670.4749307578008,2024-10-29 13:55:19,2024-11-02 06:00:00,2024-11-03 05:23:54,Saturday,6
426,f,5,0,665.8300827180783,670.4749307578008,5.690708115485904,0.082,0.13377735768506563,1.8092918845140957,1.3640756768728728,3.3891449190720344,672.5,673.8640756768729,2024-10-29 13:55:19,2024-11-05 06:00:00,2024-11-06 14:44:16,Tuesday,6
426,d,6,0,665.8300827180783,673.8640756768729,1.8656447701999923,0.0,0.0015690933271379538,0.0,1.9697459596105769,1.9713150529377148,673.8656447702,675.8353907298106,2024-10-29 13:55:19,2024-11-06 14:46:31,2024-11-08 14:02:57,Wednesday,14
426,c,7,0,665.8300827180783,675.8353907298106,4.033325332305935,0.041,0.15693460249538646,0.46667466769406474,5.405518687357927,6.070127957547378,676.5000000000001,681.905518687358,2024-10-29 13:55:19,2024-11-09 06:00:00,2024-11-14 15:43:56,Saturday,6
426,d,8,0,665.8300827180783,681.9055186873579,2.9651168797377068,0.041,0.01859819237975486,0.0,0.4480692639725658,0.5076674563523207,681.9651168797377,682.4131861437103,2024-10-29 13:55:19,2024-11-14 17:09:46,2024-11-15 03:54:59,Thursday,17
426,e,9,0,665.8300827180783,682.4131861437103,3.9255927337165986,0.123,0.3894065900062815,0.0,1.5800445124621367,2.0924511024684183,682.9255927337166,684.5056372461787,2024-10-29 13:55:19,2024-11-15 16:12:51,2024-11-17 06:08:07,Friday,16
426,c,10,0,665.8300827180783,684.5056372461787,5.866304803763683,0.123,0.23766755758500313,1.6336951962363173,0.8591440497587869,2.853506803580107,686.5000000000001,687.3591440497589,2024-10-29 13:55:19,2024-11-19 06:00:00,2024-11-20 02:37:10,Tuesday,6
426,c,11,0,665.8300827180783,687.3591440497588,1.4999831470325944,0.082,0.058839097273823894,1.6852967405611707e-05,1.7164654274739373,1.8573213777151667,687.5,689.216465427474,2024-10-29 13:55:19,2024-11-20 06:00:00,2024-11-21 23:11:42,Wednesday,6
426,e,12,0,665.8300827180783,689.216465427474,3.4026649485681446,0.082,0.10419952109414124,0.09733505143185539,1.2883973760612584,1.571931948587255,689.5,690.7883973760613,2024-10-29 13:55:19,2024-11-22 06:00:00,2024-11-23 12:55:17,Friday,6
426,c,13,0,665.8300827180783,690.7883973760612,5.032439346048363,0.082,0.16204196998717862,2.4675606539516366,2.1245574856932614,4.836160109632077,693.5,695.6245574856932,2024-10-29 13:55:19,2024-11-26 06:00:00,2024-11-28 08:59:21,Tuesday,6
426,c,14,0,665.8300827180783,695.6245574856932,2.977877003034905,0.041,0.3123195173416525,0.0,0.7058430208187524,1.0591625381604048,695.9778770030349,696.6837200238537,2024-10-29 13:55:19,2024-11-28 17:28:08,2024-11-29 10:24:33,Thursday,17
426,e,15,0,665.8300827180783,696.6837200238537,3.837879742107816,0.082,0.07215971825418738,0.0,0.7642512108468509,0.9184109291010383,696.8378797421078,697.6021309529547,2024-10-29 13:55:19,2024-11-29 14:06:32,2024-11-30 08:27:04,Friday,14
426,d,16,0,665.8300827180783,697.6021309529547,4.671826483250925,0.0,0.06969553029628688,0.0,0.37491843688954124,0.44461396718582813,697.6718264832509,698.0467449201404,2024-10-29 13:55:19,2024-11-30 10:07:25,2024-11-30 19:07:18,Saturday,10
426,b,17,0,665.8300827180783,698.0467449201404,5.176842600809209,0.041,0.0890976806687716,2.323157399190791,8.908172076173523,11.361427156033086,700.5,709.4081720761735,2024-10-29 13:55:19,2024-12-03 06:00:00,2024-12-12 03:47:46,Tuesday,6
426,b,18,0,665.8300827180783,709.4081720761735,2.5272738683304397,0.041,0.07810179215695304,0.0,1.9386905770961604,2.0577923692531135,709.5272738683306,711.4659644454267,2024-10-29 13:55:19,2024-12-12 06:39:16,2024-12-14 05:10:59,Thursday,6
426,f,19,0,665.8300827180783,711.4659644454266,4.585993298240965,0.041,0.07902885281436278,0.0,6.157728429208752,6.2777572820231144,711.5859932982411,717.7437217274498,2024-10-29 13:55:19,2024-12-14 08:03:49,2024-12-20 11:50:57,Saturday,8
426,b,20,0,665.8300827180783,717.7437217274497,3.7689247190489823,0.0,0.02520299159928944,0.0,0.9600440662092772,0.9852470578085666,717.768924719049,718.7289687852583,2024-10-29 13:55:19,2024-12-20 12:27:15,2024-12-21 11:29:42,Friday,12
427,b,1,0,667.8212662789218,667.8212662789218,2.9176730984031565,0.041,0.055406819481297234,0.0,0.6187489643373638,0.7151557838186611,667.9176730984032,668.5364220627405,2024-10-31 13:42:37,2024-10-31 16:01:26,2024-11-01 06:52:26,Thursday,16
427,d,2,0,667.8212662789218,668.5364220627405,3.619926442862493,0.082,0.0015043801220347996,0.0,1.2794820249922643,1.362986405114299,668.6199264428625,669.8994084678548,2024-10-31 13:42:37,2024-11-01 08:52:41,2024-11-02 15:35:08,Friday,8
428,e,1,0,669.4498733410578,669.4498733410578,4.534538912962262,0.041,0.04366557190444001,0.0,1.1097965692411333,1.1944621411455734,669.5345389129623,670.6443354822034,2024-11-02 04:47:49,2024-11-02 06:49:44,2024-11-03 09:27:50,Saturday,6
428,c,2,0,669.4498733410578,670.6443354822034,5.745760803356802,0.0,0.1014253211534521,1.7542391966431978,24.48258089196604,26.338245409762692,672.5,696.982580891966,2024-11-02 04:47:49,2024-11-05 06:00:00,2024-11-29 17:34:54,Tuesday,6
428,b,3,0,669.4498733410578,696.9825808919661,4.07979656253201,0.082,0.015215670565899484,0.4202034374679897,1.6531879883200922,2.170607096353981,697.5,699.15318798832,2024-11-02 04:47:49,2024-11-30 06:00:00,2024-12-01 21:40:35,Saturday,6
428,d,4,0,669.4498733410578,699.15318798832,6.27841822365815,0.041,0.08423023533816176,1.22158177634185,0.11034235813085994,1.4571543698108718,700.5000000000001,700.610342358131,2024-11-02 04:47:49,2024-12-03 06:00:00,2024-12-03 08:38:53,Tuesday,6
428,f,5,0,669.4498733410578,700.6103423581309,0.7378957484775128,0.041,0.08655339034658456,0.0,3.6892803475310822,3.816833737877667,700.7378957484775,704.4271760960086,2024-11-02 04:47:49,2024-12-03 11:42:34,2024-12-07 04:15:08,Tuesday,11
428,d,6,0,669.4498733410578,704.4271760960086,4.491404710072743,0.041,0.023228614064194287,0.008595289927257,0.38660320350392924,0.4594271074953805,704.5000000000001,704.886603203504,2024-11-02 04:47:49,2024-12-07 06:00:00,2024-12-07 15:16:42,Saturday,6
428,c,7,0,669.4498733410578,704.8866032035039,5.04120972065607,0.041,0.1136065171521593,2.45879027934393,2.00016436322801,4.6135611597240995,707.5,709.500164363228,2024-11-02 04:47:49,2024-12-10 06:00:00,2024-12-12 06:00:14,Tuesday,6
428,b,8,0,669.4498733410578,709.500164363228,2.6507866467170516,0.041,0.10962228348907029,0.0,1.2126042155808339,1.3632264990699041,709.6507866467172,710.863390862298,2024-11-02 04:47:49,2024-12-12 09:37:07,2024-12-13 14:43:16,Thursday,9
429,d,1,0,671.9737465929363,671.9737465929363,0.03868137371159719,0.041,0.023934780775277248,0.4613186262884028,0.17119674181057015,0.6974501488742502,672.5,672.6711967418106,2024-11-04 17:22:11,2024-11-05 06:00:00,2024-11-05 10:06:31,Tuesday,6
429,d,2,0,671.9737465929363,672.6711967418106,0.9734634401369249,0.123,0.17926669832632258,0.0,0.15454319791985466,0.45680989624617724,672.9734634401369,673.1280066380568,2024-11-04 17:22:11,2024-11-05 17:21:47,2024-11-05 21:04:19,Tuesday,17
429,e,3,0,671.9737465929363,673.1280066380568,1.1510253487379032,0.0,0.023018710681097003,0.3489746512620968,2.2375447063293383,2.609538068272532,673.5,675.7375447063293,2024-11-04 17:22:11,2024-11-06 06:00:00,2024-11-08 11:42:03,Wednesday,6
429,e,4,0,671.9737465929363,675.7375447063293,3.7902796747715684,0.041,0.011734968442278455,0.0,5.97109803104327,6.023832999485548,675.7902796747717,681.761377705815,2024-11-04 17:22:11,2024-11-08 12:58:00,2024-11-14 12:16:23,Friday,12
429,e,5,0,671.9737465929363,681.7613777058149,2.96963895098429,0.041,0.16726124516940827,0.0,2.4960078933290784,2.7042691384984865,681.9696389509843,684.4656468443134,2024-11-04 17:22:11,2024-11-14 17:16:16,2024-11-17 05:10:31,Thursday,17
429,e,6,0,671.9737465929363,684.4656468443134,5.568093596080416,0.041,0.061446751767059604,1.9319064039195837,3.24747976044712,5.281832916133764,686.5000000000001,689.7474797604473,2024-11-04 17:22:11,2024-11-19 06:00:00,2024-11-22 11:56:22,Tuesday,6
429,c,7,0,671.9737465929363,689.7474797604472,3.8488416264018497,0.082,0.019361865954739543,0.0,1.7358228742641117,1.8371847402188513,689.8488416264018,691.584664500666,2024-11-04 17:22:11,2024-11-22 14:22:19,2024-11-24 08:01:55,Friday,14
429,d,8,0,671.9737465929363,691.584664500666,5.634942869030056,0.041,0.009278368364050443,1.8650571309699444,0.8364978565645789,2.7518333558985737,693.5,694.3364978565646,2024-11-04 17:22:11,2024-11-26 06:00:00,2024-11-27 02:04:33,Tuesday,6
429,e,9,0,671.9737465929363,694.3364978565646,1.4597456044382398,0.0,0.12324774787365725,0.04025439556176025,0.44358146058754233,0.6070836040229598,694.5,694.9435814605876,2024-11-04 17:22:11,2024-11-27 06:00:00,2024-11-27 16:38:45,Wednesday,6
429,c,10,0,671.9737465929363,694.9435814605876,2.1455416438803923,0.082,0.1199601832928156,0.35445835611960774,2.675481522723357,3.2319000621357805,695.5,698.1754815227233,2024-11-04 17:22:11,2024-11-28 06:00:00,2024-11-30 22:12:41,Thursday,6
429,e,11,0,671.9737465929363,698.1754815227233,5.544836125400252,0.041,0.32835460267688377,1.955163874599748,0.4607218011277977,2.7852402784044297,700.5,700.9607218011278,2024-11-04 17:22:11,2024-12-03 06:00:00,2024-12-03 17:03:26,Tuesday,6
430,c,1,0,677.5917663186116,677.5917663186116,5.708458633161285,0.0,0.11669231454966983,1.7915413668387146,0.056990512884671586,1.965224194273056,679.5,679.5569905128847,2024-11-10 08:12:08,2024-11-12 06:00:00,2024-11-12 07:22:03,Tuesday,6
430,c,2,0,677.5917663186116,679.5569905128847,0.6761573253589859,0.041,0.07816681247431406,0.0,0.09531556305009414,0.21448237552440821,679.6761573253591,679.7714728884092,2024-11-10 08:12:08,2024-11-12 10:13:39,2024-11-12 12:30:55,Tuesday,10
430,d,3,0,677.5917663186116,679.7714728884091,0.8454918358952455,0.041,0.033018947486115786,0.0,1.1086925171285278,1.1827114646146435,679.8454918358952,680.9541843530237,2024-11-10 08:12:08,2024-11-12 14:17:30,2024-11-13 16:54:01,Tuesday,14
430,b,4,0,677.5917663186116,680.9541843530237,2.101757729235487,0.041,0.10657337621171997,0.3982422707645128,6.476469592389854,7.022285239366087,681.5,687.9764695923899,2024-11-10 08:12:08,2024-11-14 06:00:00,2024-11-20 17:26:06,Thursday,6
430,d,5,0,677.5917663186116,687.9764695923898,2.17199455734567,0.041,0.15452496495586754,0.3280054426543302,0.4296740762957713,0.953204483905969,688.5,688.9296740762958,2024-11-10 08:12:08,2024-11-21 06:00:00,2024-11-21 16:18:43,Thursday,6
430,e,6,0,677.5917663186116,688.9296740762958,2.9389155328435663,0.0,0.009241456547761054,0.0,2.02118995048318,2.030431407030941,688.9389155328436,690.9601054833267,2024-11-10 08:12:08,2024-11-21 16:32:02,2024-11-23 17:02:33,Thursday,16
430,c,7,0,677.5917663186116,690.9601054833267,5.0606842817508095,0.041,0.059578798424055335,2.4393157182491905,12.50831572796474,15.048210244637986,693.5,706.0083157279647,2024-11-10 08:12:08,2024-11-26 06:00:00,2024-12-08 18:11:58,Tuesday,6
430,e,8,0,677.5917663186116,706.0083157279647,6.176461766072521,0.082,0.08614603810786202,1.3235382339274793,2.4598962286820916,3.9515805007174327,707.5,709.959896228682,2024-11-10 08:12:08,2024-12-10 06:00:00,2024-12-12 17:02:15,Tuesday,6
430,f,9,0,677.5917663186116,709.9598962286822,3.0903772745723472,0.123,0.0074810458901554385,0.40962272542765277,0.036312039528966236,0.5764158108467744,710.5,710.536312039529,2024-11-10 08:12:08,2024-12-13 06:00:00,2024-12-13 06:52:17,Friday,6
430,f,10,0,677.5917663186116,710.536312039529,3.6635649264624135,0.041,0.08625288693344124,0.0,4.530334496630627,4.657587383564068,710.6635649264625,715.1938994230932,2024-11-10 08:12:08,2024-12-13 09:55:32,2024-12-17 22:39:12,Friday,9
430,b,11,0,677.5917663186116,715.1938994230931,1.4243652836241836,0.082,0.14846586053108904,0.07563471637581642,0.2883680268875991,0.5944686037945046,715.5,715.7883680268876,2024-11-10 08:12:08,2024-12-18 06:00:00,2024-12-18 12:55:14,Wednesday,6
430,d,12,0,677.5917663186116,715.7883680268876,2.1373880186417864,0.123,0.22601999175412973,0.3626119813582136,4.552276686074079,5.263908659186423,716.5,721.052276686074,2024-11-10 08:12:08,2024-12-19 06:00:00,2024-12-23 19:15:16,Thursday,6
430,e,13,0,677.5917663186116,721.052276686074,0.10035226097045324,0.041,0.007075574896381025,0.39964773902954676,0.7464705405015261,1.194193854427454,721.5,722.2464705405015,2024-11-10 08:12:08,2024-12-24 06:00:00,2024-12-24 23:54:55,Tuesday,6
430,b,14,0,677.5917663186116,722.2464705405015,1.6415197256504825,0.041,0.3540491851490135,0.0,0.9304087227785278,1.3254579079275413,722.6415197256506,723.5719284484292,2024-11-10 08:12:08,2024-12-25 09:23:47,2024-12-26 07:43:34,Wednesday,9
430,b,15,0,677.5917663186116,723.571928448429,2.682039359133114,0.082,0.028110910704092607,0.0,0.42770379401581265,0.5378147047199052,723.6820393591331,724.1097431531489,2024-11-10 08:12:08,2024-12-26 10:22:08,2024-12-26 20:38:01,Thursday,10
430,f,16,0,677.5917663186116,724.109743153149,3.2130763572201886,0.041,0.06233320407119484,0.2869236427798114,1.2813440819703747,1.671600928821381,724.5000000000001,725.7813440819705,2024-11-10 08:12:08,2024-12-27 06:00:00,2024-12-28 12:45:08,Friday,6
430,c,17,0,677.5917663186116,725.7813440819704,5.173166327809781,0.082,0.30982224583943424,2.3268336721902187,15.464204668403475,18.18286058643313,728.5,743.9642046684035,2024-11-10 08:12:08,2024-12-31 06:00:00,2025-01-15 17:08:27,Tuesday,6
430,b,18,0,677.5917663186116,743.9642046684035,2.113748078738354,0.082,0.06754341033486584,0.3862519212616462,0.6089132274682925,1.1447085590648045,744.5,745.1089132274683,2024-11-10 08:12:08,2025-01-16 06:00:00,2025-01-16 20:36:50,Thursday,6
431,f,1,0,678.1074295325283,678.1074295325283,6.302364569522638,0.082,0.11293503699432368,1.1976354304773622,5.8413333604241,7.2339038278957855,679.5,685.3413333604241,2024-11-10 20:34:41,2024-11-12 06:00:00,2024-11-18 02:11:31,Tuesday,6
431,c,2,0,678.1074295325283,685.3413333604241,6.630454997570951,0.041,0.24812163714684635,0.8695450024290494,0.776159581528732,1.9348262211046277,686.5,687.2761595815288,2024-11-10 20:34:41,2024-11-19 06:00:00,2024-11-20 00:37:40,Tuesday,6
431,d,3,0,678.1074295325283,687.2761595815286,1.6947955272079298,0.041,0.3776359456792461,0.0,2.740647825460962,3.159283771140208,687.6947955272079,690.4354433526689,2024-11-10 20:34:41,2024-11-20 10:40:30,2024-11-23 04:27:02,Wednesday,10
431,b,4,0,678.1074295325283,690.4354433526688,4.458658171568118,0.0,0.02321481889925803,0.04134182843188228,0.4717116604606396,0.5362683077917799,690.5,690.9717116604606,2024-11-10 20:34:41,2024-11-23 06:00:00,2024-11-23 17:19:15,Saturday,6
431,d,5,0,678.1074295325283,690.9717116604606,5.188888929391965,0.041,0.17617726893134628,2.3111110706080353,8.68932000054505,11.217608340084432,693.5000000000001,702.1893200005452,2024-11-10 20:34:41,2024-11-26 06:00:00,2024-12-04 22:32:37,Tuesday,6
431,d,6,0,678.1074295325283,702.1893200005451,2.38487961511737,0.082,0.1135596145722559,0.11512038488262988,1.1792217380097345,1.4899017374646202,702.5,703.6792217380097,2024-11-10 20:34:41,2024-12-05 06:00:00,2024-12-06 10:18:04,Thursday,6
431,d,7,0,678.1074295325283,703.6792217380097,3.783557934300461,0.0,0.10433619629072817,0.0,5.409478792976237,5.513814989266965,703.7835579343005,709.1930367272766,2024-11-10 20:34:41,2024-12-06 12:48:19,2024-12-11 22:37:58,Friday,12
432,e,1,0,678.5021968511584,678.5021968511584,6.515827434465109,0.0,0.01363058330676169,0.984172565534891,2.3776604138158013,3.375463562657454,679.5,681.8776604138158,2024-11-11 06:03:09,2024-11-12 06:00:00,2024-11-14 15:03:49,Tuesday,6
432,b,2,0,678.5021968511584,681.8776604138159,2.9992874236658054,0.082,0.03962700984992398,0.0,0.14407774456387415,0.26570475441379815,681.9992874236658,682.1433651682297,2024-11-11 06:03:09,2024-11-14 17:58:58,2024-11-14 21:26:26,Thursday,17
433,e,1,0,679.2680691247677,679.2680691247677,0.4469624261585068,0.082,0.09689330139072244,0.05303757384149321,0.12160738655538103,0.35353826178759673,679.5,679.6216073865554,2024-11-12 00:26:01,2024-11-12 06:00:00,2024-11-12 08:55:06,Tuesday,6
434,d,1,0,680.4656935710967,680.4656935710967,1.558198823996804,0.082,0.010505252900135039,0.0,0.27252947560573026,0.3650347285058653,680.5581988239968,680.8307282996026,2024-11-13 05:10:35,2024-11-13 07:23:48,2024-11-13 13:56:14,Wednesday,7
434,c,2,0,680.4656935710967,680.8307282996026,2.360548094526507,0.123,0.4068197949239227,0.13945190547349284,3.31071974541199,3.9799914458094054,681.5,684.810719745412,2024-11-13 05:10:35,2024-11-14 06:00:00,2024-11-17 13:27:26,Thursday,6
435,f,1,0,685.448207657348,685.448207657348,6.5614959992265085,0.041,0.0722883418784952,0.9385040007734915,4.083052582952006,5.134844925603993,686.5,690.583052582952,2024-11-18 04:45:25,2024-11-19 06:00:00,2024-11-23 07:59:35,Tuesday,6
435,b,2,0,685.448207657348,690.583052582952,4.886666447385778,0.041,0.262613864433847,0.0,0.03428130136172766,0.33789516579557466,690.8866664473859,690.9209477487476,2024-11-18 04:45:25,2024-11-23 15:16:47,2024-11-23 16:06:09,Saturday,15
435,c,3,0,685.448207657348,690.9209477487475,5.013097310759804,0.041,0.051149562012334004,2.486902689240196,1.1611406056081237,3.740192856860654,693.5000000000001,694.6611406056082,2024-11-18 04:45:25,2024-11-26 06:00:00,2024-11-27 09:52:02,Tuesday,6
435,f,4,0,685.448207657348,694.6611406056081,1.7354601803422156,0.041,0.03331957473406696,0.0,0.2703098688227944,0.34462944355686137,694.7354601803422,695.005770049165,2024-11-18 04:45:25,2024-11-27 11:39:03,2024-11-27 18:08:18,Wednesday,11
435,b,5,0,685.448207657348,695.005770049165,2.0579257562006887,0.041,0.011155707035670356,0.44207424379931126,3.335324549875325,3.8295545007103065,695.5,698.8353245498753,2024-11-18 04:45:25,2024-11-28 06:00:00,2024-12-01 14:02:52,Thursday,6
435,c,6,0,685.448207657348,698.8353245498753,5.966962349297319,0.082,0.04963779942202353,1.5330376507026813,6.929018562745263,8.593694012869967,700.5,707.4290185627452,2024-11-18 04:45:25,2024-12-03 06:00:00,2024-12-10 04:17:47,Tuesday,6
435,c,7,0,685.448207657348,707.4290185627452,0.4938752927996575,0.041,0.02385673005442776,0.006124707200342527,2.6521430484407063,2.7231244856954766,707.5,710.1521430484407,2024-11-18 04:45:25,2024-12-10 06:00:00,2024-12-12 21:39:05,Tuesday,6
435,b,8,0,685.448207657348,710.1521430484407,3.259360261607412,0.082,0.025217213166661576,0.2406397383925878,4.191752208316093,4.539609159875343,710.5,714.6917522083161,2024-11-18 04:45:25,2024-12-13 06:00:00,2024-12-17 10:36:07,Friday,6
435,f,9,0,685.448207657348,714.6917522083161,0.8047751607361988,0.082,0.031022952420116698,0.0,0.09810712397273665,0.21113007639285336,714.8047751607362,714.9028822847089,2024-11-18 04:45:25,2024-12-17 13:18:52,2024-12-17 15:40:09,Tuesday,13
435,d,10,0,685.448207657348,714.9028822847089,1.0425741148272891,0.082,0.05769183011841468,0.4574258851727109,3.4423698921378105,4.039487607428936,715.5,718.9423698921378,2024-11-18 04:45:25,2024-12-18 06:00:00,2024-12-21 16:37:00,Wednesday,6
435,f,11,0,685.448207657348,718.9423698921378,5.1112101988088625,0.123,0.04584030667110433,2.3887898011911375,7.201628210184609,9.75925831804685,721.5000000000001,728.7016282101847,2024-11-18 04:45:25,2024-12-24 06:00:00,2024-12-31 10:50:20,Tuesday,6
435,d,12,0,685.448207657348,728.7016282101846,0.7885382242591277,0.082,0.004910014074487591,0.0,5.633642080737296,5.720552094811784,728.7885382242591,734.4221803049965,2024-11-18 04:45:25,2024-12-31 12:55:29,2025-01-06 04:07:56,Tuesday,12
436,b,1,0,685.4637879575653,685.4637879575653,6.6389715275570325,0.123,0.05218356999171708,0.8610284724429675,0.07048891232607,1.1067009547607545,686.5,686.570488912326,2024-11-18 05:07:51,2024-11-19 06:00:00,2024-11-19 07:41:30,Tuesday,6
437,e,1,0,690.4501579253333,690.4501579253333,4.606198370639049,0.123,0.03304044530577612,0.0,1.1413983882432006,1.2974388335489768,690.6061983706392,691.7475967588823,2024-11-23 04:48:13,2024-11-23 08:32:55,2024-11-24 11:56:32,Saturday,8
438,d,1,0,691.0442083744672,691.0442083744672,5.04789466937757,0.0,0.0036862949103649784,2.4521053306224303,1.1351796685683604,3.5909712941011556,693.5,694.6351796685684,2024-11-23 19:03:39,2024-11-26 06:00:00,2024-11-27 09:14:39,Tuesday,6
438,b,2,0,691.0442083744672,694.6351796685683,1.7582507913077734,0.082,0.041071122739483386,0.0,0.17338958907885768,0.2964607118183411,694.7582507913078,694.9316403803866,2024-11-23 19:03:39,2024-11-27 12:11:52,2024-11-27 16:21:33,Wednesday,12
438,b,3,0,691.0442083744672,694.9316403803866,2.195508174623342,0.082,0.18186779423671887,0.3044918253766582,5.9179440247744175,6.486303644387794,695.5,701.4179440247744,2024-11-23 19:03:39,2024-11-28 06:00:00,2024-12-04 04:01:50,Thursday,6
438,c,4,0,691.0442083744672,701.4179440247744,1.62111052858711,0.041,0.16216650381270825,0.0,3.2746603960316976,3.477826899844406,701.6211105285872,704.8957709246189,2024-11-23 19:03:39,2024-12-04 08:54:23,2024-12-07 15:29:54,Wednesday,8
438,f,5,0,691.0442083744672,704.8957709246189,4.993193782029493,0.082,0.015422857410608776,0.0,8.711831752110903,8.809254609521512,704.9931937820295,713.7050255341404,2024-11-23 19:03:39,2024-12-07 17:50:11,2024-12-16 10:55:14,Saturday,17
438,f,6,0,691.0442083744672,713.7050255341404,6.799923688543345,0.082,0.012898154402970716,0.7000763114566553,2.207492975332644,3.0024674411922705,714.5,716.7074929753327,2024-11-23 19:03:39,2024-12-17 06:00:00,2024-12-19 10:58:47,Tuesday,6
438,e,7,0,691.0442083744672,716.7074929753327,2.901837368543056,0.082,0.11234439321033818,0.0,0.29600372085756615,0.49034811406790435,716.901837368543,717.1978410894006,2024-11-23 19:03:39,2024-12-19 15:38:38,2024-12-19 22:44:53,Thursday,15
438,f,8,0,691.0442083744672,717.1978410894006,3.358185675042023,0.041,0.11934458564137221,0.14181432495797708,0.7225838225460217,1.024742733145371,717.5,718.222583822546,2024-11-23 19:03:39,2024-12-20 06:00:00,2024-12-20 23:20:31,Friday,6
438,d,9,0,691.0442083744672,718.222583822546,4.25824510615314,0.0,0.03566128360721351,0.2417548938468599,0.2899633453482469,0.5673795228023203,718.5,718.7899633453483,2024-11-23 19:03:39,2024-12-21 06:00:00,2024-12-21 12:57:32,Saturday,6
439,d,1,0,693.0045048031132,693.0045048031132,0.13207598442784274,0.082,0.04557118131472641,0.36792401557215726,0.3627397606997602,0.8582349575866439,693.5,693.8627397606998,2024-11-25 18:06:29,2024-11-26 06:00:00,2024-11-26 14:42:20,Tuesday,6
440,f,1,0,693.1183471247205,693.1183471247205,0.19527133955750742,0.0,0.0769242148370637,0.3047286604424926,0.07690043899803742,0.4585533142775937,693.5,693.576900438998,2024-11-25 20:50:25,2024-11-26 06:00:00,2024-11-26 07:50:44,Tuesday,6
440,b,2,0,693.1183471247205,693.576900438998,0.6936529509827096,0.082,0.034752511984681524,0.0,0.14952943892283352,0.26628195090751505,693.6936529509827,693.8431823899056,2024-11-25 20:50:25,2024-11-26 10:38:51,2024-11-26 14:14:10,Tuesday,10
440,e,3,0,693.1183471247205,693.8431823899056,0.9564998652463146,0.082,0.03131747534075373,0.0,1.114813428443828,1.2281309037845818,693.9564998652463,695.0713132936902,2024-11-25 20:50:25,2024-11-26 16:57:21,2024-11-27 19:42:41,Tuesday,16
441,e,1,0,694.4692163035963,694.4692163035963,1.7286568474687556,0.123,0.13644054387245785,0.0,1.0152976846533885,1.2747382285258464,694.7286568474689,695.7439545321223,2024-11-27 05:15:40,2024-11-27 11:29:15,2024-11-28 11:51:17,Wednesday,11
441,e,2,0,694.4692163035963,695.7439545321222,3.1190991589717214,0.041,0.3341446268495093,0.3809008410282786,0.7155307086380238,1.4715761765158117,696.5,697.215530708638,2024-11-27 05:15:40,2024-11-29 06:00:00,2024-11-29 23:10:21,Friday,6
441,f,3,0,694.4692163035963,697.215530708638,4.300681420722185,0.041,0.04415071208418537,0.19931857927781493,0.38701005106424735,0.6714793424262476,697.5,697.8870100510643,2024-11-27 05:15:40,2024-11-30 06:00:00,2024-11-30 15:17:17,Saturday,6
441,e,4,0,694.4692163035963,697.8870100510642,5.196497929371276,0.082,0.22748787830712797,2.303502070628724,0.5280425428870885,3.1410324918229406,700.5,701.0280425428871,2024-11-27 05:15:40,2024-12-03 06:00:00,2024-12-03 18:40:22,Tuesday,6
441,d,5,0,694.4692163035963,701.0280425428871,1.0880692814444046,0.041,0.019026738557348613,0.4119307185555954,1.106093779134089,1.578051236247033,701.5000000000001,702.6060937791342,2024-11-27 05:15:40,2024-12-04 06:00:00,2024-12-05 08:32:46,Wednesday,6
441,f,6,0,694.4692163035963,702.6060937791341,2.9135617661343076,0.041,0.2664679870001972,0.0,0.08857151802198152,0.39603950502217866,702.9135617661343,703.0021332841563,2024-11-27 05:15:40,2024-12-05 15:55:31,2024-12-05 18:03:04,Thursday,15
441,f,7,0,694.4692163035963,703.0021332841562,3.0665760466224583,0.041,0.023442762466239147,0.4334239533775417,2.946302364876828,3.444169080720609,703.5000000000001,706.4463023648769,2024-11-27 05:15:40,2024-12-06 06:00:00,2024-12-09 04:42:40,Friday,6
441,c,8,0,694.4692163035963,706.4463023648768,6.585644184470425,0.082,0.057341819593579695,0.914355815529575,1.7038146736440878,2.757512308767242,707.5,709.203814673644,2024-11-27 05:15:40,2024-12-10 06:00:00,2024-12-11 22:53:29,Tuesday,6
441,f,9,0,694.4692163035963,709.203814673644,2.3506713249447557,0.041,0.10585665130074312,0.14932867505524428,0.25881678725296214,0.5550021136089496,709.5000000000001,709.7588167872531,2024-11-27 05:15:40,2024-12-12 06:00:00,2024-12-12 12:12:41,Thursday,6
441,d,10,0,694.4692163035963,709.758816787253,2.941119725525027,0.041,0.14130293827210855,0.0,0.2467219082839815,0.4290248465560901,709.9411197255251,710.1878416338092,2024-11-27 05:15:40,2024-12-12 16:35:12,2024-12-12 22:30:29,Thursday,16
441,b,11,0,694.4692163035963,710.1878416338091,3.2643624395401503,0.0,0.07652080573114187,0.23563756045984974,6.500483740393011,6.812642106584002,710.5,717.0004837403931,2024-11-27 05:15:40,2024-12-13 06:00:00,2024-12-19 18:00:41,Friday,6
441,b,12,0,694.4692163035963,717.0004837403931,3.056222826461749,0.041,0.01473908606872888,0.4437771735382512,0.07176057803619586,0.5712768376431759,717.5000000000001,717.5717605780363,2024-11-27 05:15:40,2024-12-20 06:00:00,2024-12-20 07:43:20,Friday,6
441,d,13,0,694.4692163035963,717.5717605780362,3.695595454873569,0.123,0.000834876837321698,0.0,0.40948890611851274,0.5333237829558344,717.6955954548736,718.1050843609921,2024-11-27 05:15:40,2024-12-20 10:41:39,2024-12-20 20:31:19,Friday,10
441,c,14,0,694.4692163035963,718.105084360992,4.191392439093875,0.082,0.004308078101817491,0.3086075609061254,0.420966795107814,0.8158824341157569,718.5,718.9209667951078,2024-11-27 05:15:40,2024-12-21 06:00:00,2024-12-21 16:06:11,Saturday,6
441,c,15,0,694.4692163035963,718.9209667951078,5.021787445720747,0.041,0.059820650612986,2.478212554279253,0.5490529585125075,3.1280861634047463,721.5000000000001,722.0490529585127,2024-11-27 05:15:40,2024-12-24 06:00:00,2024-12-24 19:10:38,Tuesday,6
441,b,16,0,694.4692163035963,722.0490529585126,1.402275733995566,0.041,0.31222277548297417,0.09772426600443396,0.7224409931425145,1.1733880346299226,722.5,723.2224409931425,2024-11-27 05:15:40,2024-12-25 06:00:00,2024-12-25 23:20:18,Wednesday,6
441,b,17,0,694.4692163035963,723.2224409931425,2.3168359727587813,0.041,0.05339497961628901,0.18316402724121872,0.3284102629899187,0.6059692698474264,723.5000000000001,723.82841026299,2024-11-27 05:15:40,2024-12-26 06:00:00,2024-12-26 13:52:54,Thursday,6
442,e,1,0,694.791604070629,694.791604070629,1.940112394190578,0.041,0.10750832356159544,0.0,0.51958470406263,0.6680930276242254,694.9401123941906,695.4596970982532,2024-11-27 12:59:54,2024-11-27 16:33:45,2024-11-28 05:01:57,Wednesday,16
442,d,2,0,694.791604070629,695.4596970982532,2.5957926945261534,0.041,0.09509559627295833,0.0,0.837824869526853,0.9739204657998113,695.5957926945262,696.433617564053,2024-11-27 12:59:54,2024-11-28 08:17:56,2024-11-29 04:24:24,Thursday,8
442,f,3,0,694.791604070629,696.433617564053,3.5159196488046973,0.082,0.00030208475177102953,0.0,1.1488066991636257,1.2311087839153967,696.5159196488047,697.6647263479683,2024-11-27 12:59:54,2024-11-29 06:22:55,2024-11-30 09:57:12,Friday,6
442,d,4,0,694.791604070629,697.6647263479683,4.861936491626238,0.123,0.07421014365796869,0.0,0.7722631660350499,0.9694733096930186,697.8619364916264,698.6341996576614,2024-11-27 12:59:54,2024-11-30 14:41:11,2024-12-01 09:13:14,Saturday,14
442,b,5,0,694.791604070629,698.6341996576614,5.787486583785608,0.041,0.11228692612416942,1.7125134162143922,0.47431576301462214,2.3401161053531836,700.5,700.9743157630146,2024-11-27 12:59:54,2024-12-03 06:00:00,2024-12-03 17:23:00,Tuesday,6
442,f,6,0,694.791604070629,700.9743157630146,1.1453594396838298,0.082,0.0890436766692084,0.3546405603161702,8.033565070744807,8.559249307730186,701.5,709.5335650707448,2024-11-27 12:59:54,2024-12-04 06:00:00,2024-12-12 06:48:20,Wednesday,6
442,d,7,0,694.791604070629,709.5335650707448,2.843172726338935,0.123,0.18660765559420436,0.0,0.4766311436583319,0.7862387992525363,709.843172726339,710.3198038699974,2024-11-27 12:59:54,2024-12-12 14:14:10,2024-12-13 01:40:31,Thursday,14
442,e,8,0,694.791604070629,710.3198038699973,3.390681537417777,0.041,0.0298776674204875,0.10931846258222322,16.658062642642456,16.838258772645165,710.5,727.1580626426424,2024-11-27 12:59:54,2024-12-13 06:00:00,2024-12-29 21:47:36,Friday,6
442,e,9,0,694.791604070629,727.1580626426424,6.297201094828893,0.082,0.057138452186467736,1.2027989051711074,1.092027374272737,2.4339647316303124,728.5,729.5920273742728,2024-11-27 12:59:54,2024-12-31 06:00:00,2025-01-01 08:12:31,Tuesday,6
442,e,10,0,694.791604070629,729.5920273742728,1.62699621362367,0.0,0.03496883935086854,0.0,14.421245091392702,14.456213930743571,729.6269962136237,744.0482413050164,2024-11-27 12:59:54,2025-01-01 09:02:52,2025-01-15 19:09:28,Wednesday,9
442,f,11,0,694.791604070629,744.0482413050164,2.1808084401658334,0.082,0.05056713514942016,0.3191915598341666,0.26135186559945744,0.7131105605830442,744.5,744.7613518655994,2024-11-27 12:59:54,2025-01-16 06:00:00,2025-01-16 12:16:20,Thursday,6
442,b,12,0,694.791604070629,744.7613518655994,2.810034420785314,0.041,0.0076825551858767495,0.0,0.007071026000606875,0.05575358118648363,744.8100344207853,744.817105446786,2024-11-27 12:59:54,2025-01-16 13:26:26,2025-01-16 13:36:37,Thursday,13
442,b,13,0,694.791604070629,744.817105446786,3.1566991747364455,0.041,0.2985937279504817,0.34330082526355454,0.34903740009769335,1.0319319533117297,745.5,745.8490374000977,2024-11-27 12:59:54,2025-01-17 06:00:00,2025-01-17 14:22:36,Friday,6
442,f,14,0,694.791604070629,745.8490374000977,3.9483478086532386,0.082,0.017310408555537934,0.0,0.20686906954662093,0.30617947810215884,745.9483478086532,746.1552168781999,2024-11-27 12:59:54,2025-01-17 16:45:37,2025-01-17 21:43:30,Friday,16
442,b,15,0,694.791604070629,746.1552168781999,4.466696081586406,0.082,0.2294792033864689,0.03330391841359415,1.2874656127446074,1.6322487345446703,746.5,747.7874656127447,2024-11-27 12:59:54,2025-01-18 06:00:00,2025-01-19 12:53:57,Saturday,6
443,b,1,0,695.6230214999563,695.6230214999563,2.7867177414065054,0.082,0.08169624145019178,0.0,1.8168699890746907,1.9805662305248823,695.7867177414065,697.6035877304812,2024-11-28 08:57:09,2024-11-28 12:52:52,2024-11-30 08:29:09,Thursday,12
443,f,2,0,695.6230214999563,697.6035877304812,4.827140351917478,0.082,0.1415526214362912,0.0,0.03061353200466643,0.2541661534409576,697.8271403519175,697.8577538839221,2024-11-28 08:57:09,2024-11-30 13:51:04,2024-11-30 14:35:09,Saturday,13
444,d,1,0,698.8840323661094,698.8840323661094,5.9703056404482595,0.082,0.004273274338844707,1.5296943595517405,0.30409108514097954,1.9200587190315648,700.5,700.804091085141,2024-12-01 15:13:00,2024-12-03 06:00:00,2024-12-03 13:17:53,Tuesday,6
444,f,2,0,698.8840323661094,700.804091085141,0.8983498877212241,0.082,0.012258802580222149,0.0,0.009586902178823858,0.103845704759046,700.8983498877212,700.9079367899001,2024-12-01 15:13:00,2024-12-03 15:33:37,2024-12-03 15:47:25,Tuesday,15
444,e,3,0,698.8840323661094,700.9079367899,1.036639222365693,0.041,0.08770243246569255,0.46336077763430694,0.6684379292086712,1.2605011393086707,701.5,702.1684379292087,2024-12-01 15:13:00,2024-12-04 06:00:00,2024-12-04 22:02:33,Wednesday,6
444,d,4,0,698.8840323661094,702.1684379292086,2.59556007289234,0.082,0.34512214368377464,0.0,0.629515429487402,1.0566375731711766,702.5955600728923,703.2250755023797,2024-12-01 15:13:00,2024-12-05 08:17:36,2024-12-05 23:24:06,Thursday,8
445,b,1,0,699.8399473420336,699.8399473420336,6.92629491709954,0.082,0.004347575065915413,0.5737050829004602,0.503523796682241,1.1635764546486165,700.5,701.0035237966822,2024-12-02 14:09:31,2024-12-03 06:00:00,2024-12-03 18:05:04,Tuesday,6
445,d,2,0,699.8399473420336,701.0035237966822,1.1033264183438405,0.041,0.05880262166158334,0.3966735816561595,0.03248547821446621,0.5289616815322091,701.5,701.5324854782144,2024-12-02 14:09:31,2024-12-04 06:00:00,2024-12-04 06:46:46,Wednesday,6
445,f,3,0,699.8399473420336,701.5324854782144,1.626101098677168,0.082,0.011615620462734419,0.0,1.9772147373283917,2.070830357791126,701.6261010986772,703.6033158360055,2024-12-02 14:09:31,2024-12-04 09:01:35,2024-12-06 08:28:46,Wednesday,9
445,c,4,0,699.8399473420336,703.6033158360055,3.6867873884272058,0.041,0.04247155242163514,0.0,2.289023667240392,2.372495219662027,703.6867873884272,705.9758110556676,2024-12-02 14:09:31,2024-12-06 10:28:58,2024-12-08 17:25:10,Friday,10
445,e,5,0,699.8399473420336,705.9758110556676,6.256483263731411,0.082,0.19867220806379773,1.2435167362685888,3.9676656253465308,5.491854569678917,707.5,711.4676656253465,2024-12-02 14:09:31,2024-12-10 06:00:00,2024-12-14 05:13:26,Tuesday,6
446,f,1,0,702.3124075097035,702.3124075097035,2.448845614807965,0.0,0.13643810510448287,0.05115438519203508,0.5085296519423816,0.6961221422388996,702.5,703.0085296519424,2024-12-05 01:29:52,2024-12-05 06:00:00,2024-12-05 18:12:16,Thursday,6
447,d,1,0,705.4209138041286,705.4209138041286,5.589256896240158,0.082,0.08634309211151443,1.9107431037598417,0.48720640791316683,2.566292603784523,707.5,707.9872064079132,2024-12-08 04:06:06,2024-12-10 06:00:00,2024-12-10 17:41:34,Tuesday,6
448,b,1,0,706.8430341448455,706.8430341448455,0.0013822974151480594,0.041,0.11734815256962133,0.49861770258485194,1.8525080692376512,2.5094739243921245,707.5000000000001,709.3525080692377,2024-12-09 14:13:58,2024-12-10 06:00:00,2024-12-12 02:27:36,Tuesday,6
448,c,2,0,706.8430341448455,709.3525080692376,2.5995354609999595,0.0,0.24702739176228913,0.0,5.836882967205469,6.083910358967758,709.599535461,715.4364184282055,2024-12-09 14:13:58,2024-12-12 08:23:19,2024-12-18 04:28:26,Thursday,8
448,b,3,0,706.8430341448455,715.4364184282053,1.6678861150436433,0.123,0.10846768683828859,0.0,0.2389340093905841,0.4704016962288727,715.6678861150436,715.9068201244343,2024-12-09 14:13:58,2024-12-18 10:01:45,2024-12-18 15:45:49,Wednesday,10
448,c,4,0,706.8430341448455,715.9068201244343,2.1650960331259057,0.123,0.13527590869165063,0.3349039668740943,2.3429390287941523,2.936118904359897,716.5,718.8429390287941,2024-12-09 14:13:58,2024-12-19 06:00:00,2024-12-21 14:13:49,Thursday,6
448,d,5,0,706.8430341448455,718.8429390287941,4.997313164850766,0.041,0.11337413605666112,0.0,1.6156085686771553,1.7699827047338164,718.9973131648509,720.6129217335281,2024-12-09 14:13:58,2024-12-21 17:56:07,2024-12-23 08:42:36,Saturday,17
448,c,6,0,706.8430341448455,720.612921733528,6.710232184887104,0.041,0.05631045135910872,0.7897678151128957,12.657680834083719,13.544759100555723,721.5,734.1576808340837,2024-12-09 14:13:58,2024-12-24 06:00:00,2025-01-05 21:47:03,Tuesday,6
448,d,7,0,706.8430341448455,734.1576808340837,6.337259947904272,0.0,0.1795791138204963,1.162740052095728,3.112794055474886,4.455113221391111,735.5,738.6127940554749,2024-12-09 14:13:58,2025-01-07 06:00:00,2025-01-10 08:42:25,Tuesday,6
448,c,8,0,706.8430341448455,738.6127940554749,3.7523229303675407,0.123,0.016528874892630687,0.0,2.9459564342189246,3.0854853091115553,738.7523229303675,741.6982793645865,2024-12-09 14:13:58,2025-01-10 12:03:20,2025-01-13 10:45:31,Friday,12
448,d,9,0,706.8430341448455,741.6982793645864,6.828849600323565,0.082,0.048570235737178016,0.671150399676435,0.2055187088953924,1.0072393443090055,742.5,742.7055187088954,2024-12-09 14:13:58,2025-01-14 06:00:00,2025-01-14 10:55:56,Tuesday,6
448,f,10,0,706.8430341448455,742.7055187088954,1.0063137180225112,0.0,0.3007950091270739,0.49368628197748876,0.036135894389625924,0.8306171854941886,743.5,743.5361358943896,2024-12-09 14:13:58,2025-01-15 06:00:00,2025-01-15 06:52:02,Wednesday,6
449,d,1,0,706.9104915160666,706.9104915160666,6.9910614345971,0.041,0.03956991853053627,0.5089385654029002,0.23408466627193972,0.8235931502053762,707.5000000000001,707.734084666272,2024-12-09 15:51:06,2024-12-10 06:00:00,2024-12-10 11:37:04,Tuesday,6
450,b,1,0,708.721798270336,708.721798270336,1.7948864630535581,0.041,0.03208819271759282,0.0,3.4901427816767643,3.563230974394357,708.7948864630536,712.2850292447304,2024-12-11 11:19:23,2024-12-11 13:04:38,2024-12-15 00:50:26,Wednesday,13
450,b,2,0,708.721798270336,712.2850292447304,5.555509244457653,0.041,0.22947999972731564,1.944490755542347,0.28689362413995534,2.501864379409618,714.5000000000001,714.78689362414,2024-12-11 11:19:23,2024-12-17 06:00:00,2024-12-17 12:53:07,Tuesday,6
450,b,3,0,708.721798270336,714.78689362414,0.9060959381238263,0.082,0.037202313983798065,0.0,0.2328744419057272,0.35207675588952525,714.9060959381238,715.1389703800296,2024-12-11 11:19:23,2024-12-17 15:44:46,2024-12-17 21:20:07,Tuesday,15
451,e,1,0,710.4944093006034,710.4944093006034,3.5933713793438073,0.041,0.05796207874045674,0.0,1.7146384632592109,1.8136005419996677,710.5933713793439,712.3080098426032,2024-12-13 05:51:56,2024-12-13 08:14:27,2024-12-15 01:23:32,Friday,8
452,c,1,0,710.9033375232112,710.9033375232112,4.1099792241593605,0.041,0.16564170094813216,0.39002077584063954,1.0266352393539038,1.6232977161426754,711.5000000000001,712.526635239354,2024-12-13 15:40:48,2024-12-14 06:00:00,2024-12-15 06:38:21,Saturday,6
452,e,2,0,710.9033375232112,712.5266352393539,5.6245781674210775,0.082,0.015942928067107617,1.8754218325789225,0.4652923364792045,2.4386570971252346,714.5,714.9652923364793,2024-12-13 15:40:48,2024-12-17 06:00:00,2024-12-17 17:10:01,Tuesday,6
452,c,3,0,710.9033375232112,714.9652923364791,1.082016907386219,0.0,0.11672457090710751,0.4179830926137811,3.9227081563062804,4.457415819827169,715.5,719.4227081563063,2024-12-13 15:40:48,2024-12-18 06:00:00,2024-12-22 04:08:41,Wednesday,6
452,b,4,0,710.9033375232112,719.4227081563063,5.56409602060387,0.082,0.0593878642976256,1.9359039793961301,2.1303592460839162,4.207651089777672,721.5,723.6303592460839,2024-12-13 15:40:48,2024-12-24 06:00:00,2024-12-26 09:07:43,Tuesday,6
452,d,5,0,710.9033375232112,723.6303592460839,2.8195165114128713,0.041,0.14815726532901494,0.0,2.144626107558476,2.333783372887491,723.819516511413,725.9641426189714,2024-12-13 15:40:48,2024-12-26 13:40:06,2024-12-28 17:08:21,Thursday,13
452,f,6,0,710.9033375232112,725.9641426189714,5.061718356254005,0.082,0.015575737282620933,2.438281643745995,7.23829331622641,9.774150697255026,728.5,735.7382933162264,2024-12-13 15:40:48,2024-12-31 06:00:00,2025-01-07 11:43:08,Tuesday,6
452,b,7,0,710.9033375232112,735.7382933162264,0.7530108308911849,0.0,0.0147175146647758,0.0,0.022594715271647883,0.037312229936423684,735.7530108308912,735.7756055461629,2024-12-13 15:40:48,2025-01-07 12:04:20,2025-01-07 12:36:52,Tuesday,12
452,f,8,0,710.9033375232112,735.7756055461629,0.9712051955218612,0.082,0.11359964935902217,0.0,0.05114500547568671,0.2467446548347089,735.9712051955219,736.0223502009975,2024-12-13 15:40:48,2025-01-07 17:18:32,2025-01-07 18:32:11,Tuesday,17
452,f,9,0,710.9033375232112,736.0223502009976,1.095734194583315,0.041,0.03238399358565606,0.404265805416685,0.2829879790158283,0.7606377780181693,736.5,736.7829879790158,2024-12-13 15:40:48,2025-01-08 06:00:00,2025-01-08 12:47:30,Wednesday,6
452,d,10,0,710.9033375232112,736.7829879790157,2.0018237664386334,0.082,0.13683578742286903,0.49817623356136664,1.4166634017360071,2.133675422720243,737.5,738.9166634017361,2024-12-13 15:40:48,2025-01-09 06:00:00,2025-01-10 15:59:59,Thursday,6
453,b,1,0,714.2135889733431,714.2135889733431,0.5984116181238051,0.082,0.3028226447806377,0.0,1.2274535333649628,1.6122761781456005,714.5984116181238,715.8258651514888,2024-12-16 23:07:34,2024-12-17 08:21:42,2024-12-18 13:49:14,Tuesday,8
453,d,2,0,714.2135889733431,715.8258651514888,1.9213883508934941,0.041,0.054523199404765035,0.0,0.09605455637467837,0.19157775577944341,715.9213883508936,716.0174429072683,2024-12-16 23:07:34,2024-12-18 16:06:47,2024-12-18 18:25:07,Wednesday,16
454,e,1,0,717.7101968012826,717.7101968012826,3.776631801060148,0.041,0.02543499977753491,0.0,0.37943411000492144,0.44586910978245636,717.7766318010601,718.1560659110651,2024-12-20 11:02:41,2024-12-20 12:38:20,2024-12-20 21:44:44,Friday,12
454,c,2,0,717.7101968012826,718.1560659110651,4.459312872070996,0.082,0.22124696100589547,0.04068712792900442,1.2568054193058786,1.6007395082407785,718.5,719.7568054193059,2024-12-20 11:02:41,2024-12-21 06:00:00,2024-12-22 12:09:47,Saturday,6
455,b,1,0,720.4877148916785,720.4877148916785,6.633299390732759,0.082,0.06358449905424901,0.8667006092672409,0.4810863443054183,1.4933714526269082,721.5,721.9810863443054,2024-12-23 05:42:18,2024-12-24 06:00:00,2024-12-24 17:32:45,Tuesday,6
455,e,2,0,720.4877148916785,721.9810863443054,1.1343564564223243,0.123,0.030270112116961713,0.3656435435776757,1.6178347354043403,2.136748391098978,722.5,724.1178347354044,2024-12-23 05:42:18,2024-12-25 06:00:00,2024-12-26 20:49:40,Wednesday,6
455,e,3,0,720.4877148916785,724.1178347354044,3.211497340918072,0.041,0.052662605513737165,0.28850265908192796,6.9001257070434985,7.2822909716391635,724.5000000000001,731.4001257070436,2024-12-23 05:42:18,2024-12-27 06:00:00,2025-01-03 03:36:10,Friday,6
455,d,4,0,720.4877148916785,731.4001257070436,3.4866648752259835,0.041,0.0455391681823664,0.013335124774016549,0.5817621579016655,0.6816364508580485,731.5,732.0817621579017,2024-12-23 05:42:18,2025-01-03 06:00:00,2025-01-03 19:57:44,Friday,6
455,c,5,0,720.4877148916785,732.0817621579016,4.574755033595807,0.123,0.36999287569422423,0.0,0.24957833879837482,0.7425712144925991,732.5747550335959,732.8243333723943,2024-12-23 05:42:18,2025-01-04 07:47:38,2025-01-04 13:47:02,Saturday,7
455,c,6,0,720.4877148916785,732.8243333723942,5.074529872280436,0.123,0.12719649988618678,2.4254701277195636,0.3754648718166187,3.051131499422369,735.5,735.8754648718166,2024-12-23 05:42:18,2025-01-07 06:00:00,2025-01-07 15:00:40,Tuesday,6
455,b,7,0,720.4877148916785,735.8754648718166,0.9585206720132646,0.082,0.001055800196729307,0.0,5.020621755193876,5.103677555390605,735.9585206720133,740.9791424272072,2024-12-23 05:42:18,2025-01-07 17:00:16,2025-01-12 17:29:57,Tuesday,17
455,e,8,0,720.4877148916785,740.9791424272072,6.290773461325443,0.041,0.270631034118213,1.2092265386745567,0.8749040149153907,2.39576158770816,742.5,743.3749040149154,2024-12-23 05:42:18,2025-01-14 06:00:00,2025-01-15 02:59:51,Tuesday,6
455,c,9,0,720.4877148916785,743.3749040149154,1.4259630456873538,0.041,0.010059030771990652,0.07403695431264623,0.6344391722931982,0.7595351573778351,743.5000000000001,744.1344391722934,2024-12-23 05:42:18,2025-01-15 06:00:00,2025-01-15 21:13:35,Wednesday,6
455,d,10,0,720.4877148916785,744.1344391722932,2.2159084187453573,0.041,0.040469246452125913,0.28409158125464273,2.6360387076795058,3.0015995353862746,744.5000000000001,747.1360387076796,2024-12-23 05:42:18,2025-01-16 06:00:00,2025-01-18 21:15:53,Thursday,6
455,f,11,0,720.4877148916785,747.1360387076795,5.247268369896801,0.082,0.029229662217263,2.2527316301031988,7.687919740835427,10.051881033155889,749.5,757.1879197408355,2024-12-23 05:42:18,2025-01-21 06:00:00,2025-01-28 22:30:36,Tuesday,6
455,f,12,0,720.4877148916785,757.1879197408354,1.307239481261945,0.041,0.07831974042663153,0.192760518738055,0.4244488756160446,0.7365291347807311,757.5000000000001,757.9244488756161,2024-12-23 05:42:18,2025-01-29 06:00:00,2025-01-29 16:11:12,Wednesday,6
455,d,13,0,720.4877148916785,757.9244488756161,2.070986285705658,0.041,0.10553741008952713,0.4290137142943422,3.1978695006923203,3.7734206250761897,758.5,761.6978695006924,2024-12-23 05:42:18,2025-01-30 06:00:00,2025-02-02 10:44:55,Thursday,6
455,f,14,0,720.4877148916785,761.6978695006923,5.8164586362673845,0.082,0.03658913557513927,1.6835413637326155,1.4603214971563527,3.262451996464107,763.5,764.9603214971563,2024-12-23 05:42:18,2025-02-04 06:00:00,2025-02-05 17:02:51,Tuesday,6
455,f,15,0,720.4877148916785,764.9603214971563,2.060948446110956,0.041,0.059626948954621166,0.43905155388904404,0.10001826058127018,0.6396967634249354,765.5,765.6000182605812,2024-12-23 05:42:18,2025-02-06 06:00:00,2025-02-06 08:24:01,Thursday,6
456,e,1,0,721.3210352308332,721.3210352308332,0.47199037104894614,0.123,0.02795514021570525,0.028009628951053855,1.1154793598894754,1.2944441290562345,721.5,722.6154793598895,2024-12-24 01:42:17,2024-12-24 06:00:00,2024-12-25 08:46:17,Tuesday,6
456,c,2,0,721.3210352308332,722.6154793598895,1.6724996607387084,0.041,0.016020300849185858,0.0,0.8462054250539253,0.9032257259031111,722.6724996607387,723.5187050857926,2024-12-24 01:42:17,2024-12-25 10:08:23,2024-12-26 06:26:56,Wednesday,10
456,d,3,0,721.3210352308332,723.5187050857926,2.7655742718469583,0.041,0.20586918605440388,0.0,16.897885666509236,17.14475485256364,723.7655742718471,740.6634599383563,2024-12-24 01:42:17,2024-12-26 12:22:25,2025-01-12 09:55:22,Thursday,12
456,d,4,0,721.3210352308332,740.6634599383563,5.779716206985881,0.0,0.11625626862961735,1.7202837930141186,0.19415077283804263,2.0306908344817787,742.5,742.694150772838,2024-12-24 01:42:17,2025-01-14 06:00:00,2025-01-14 10:39:34,Tuesday,6
456,d,5,0,721.3210352308332,742.694150772838,0.7535549666388306,0.0,0.05940419380082962,0.0,0.3014065983230143,0.3608107921238439,742.7535549666388,743.0549615649619,2024-12-24 01:42:17,2025-01-14 12:05:07,2025-01-14 19:19:08,Tuesday,12
456,c,6,0,721.3210352308332,743.0549615649619,1.356013670880202,0.082,0.21905210591832464,0.14398632911979803,2.1379499318737567,2.5829883669118794,743.5,745.6379499318738,2024-12-24 01:42:17,2025-01-15 06:00:00,2025-01-17 09:18:38,Wednesday,6
456,e,7,0,721.3210352308332,745.6379499318738,3.816637088946095,0.082,0.09668715707226977,0.0,1.2249000779404613,1.403587235012731,745.8166370889461,747.0415371668865,2024-12-24 01:42:17,2025-01-17 13:35:57,2025-01-18 18:59:48,Friday,13
456,e,8,0,721.3210352308332,747.0415371668865,5.227974955342916,0.082,0.10443778845633472,2.2720250446570844,1.8296654798772753,4.288128312990694,749.5,751.3296654798772,2024-12-24 01:42:17,2025-01-21 06:00:00,2025-01-23 01:54:43,Tuesday,6
456,d,9,0,721.3210352308332,751.3296654798772,2.53979945153435,0.082,0.12813397165708137,0.0,3.7810236201095178,3.991157591766599,751.5397994515343,755.3208230716439,2024-12-24 01:42:17,2025-01-23 06:57:18,2025-01-27 01:41:59,Thursday,6
457,d,1,0,724.9326952461724,724.9326952461724,4.135241746343581,0.041,0.1615465001711171,0.3647582536564187,0.947085518529496,1.5143902723570317,725.5,726.4470855185295,2024-12-27 16:23:04,2024-12-28 06:00:00,2024-12-29 04:43:48,Saturday,6
457,e,2,0,724.9326952461724,726.4470855185294,5.51254786219431,0.041,0.02446234366488906,1.9874521378056897,0.1599658020499093,2.212880283520488,728.5000000000001,728.65996580205,2024-12-27 16:23:04,2024-12-31 06:00:00,2024-12-31 09:50:21,Tuesday,6
457,e,3,0,724.9326952461724,728.6599658020499,0.9678814476731077,0.041,0.26691564562318004,0.0,1.6764200375446947,1.9843356831678747,728.9678814476731,730.6443014852179,2024-12-27 16:23:04,2024-12-31 17:13:44,2025-01-02 09:27:47,Tuesday,17
457,f,4,0,724.9326952461724,730.6443014852177,2.750965544994415,0.041,0.0656640597767211,0.0,0.8447562298680413,0.9514202896447624,730.7509655449945,731.5957217748626,2024-12-27 16:23:04,2025-01-02 12:01:23,2025-01-03 08:17:50,Thursday,12
457,b,5,0,724.9326952461724,731.5957217748625,3.94196117404897,0.041,0.3052393991865015,0.0,2.708809923880519,3.0550493230670206,731.941961174049,734.6507710979295,2024-12-27 16:23:04,2025-01-03 16:36:25,2025-01-06 09:37:06,Friday,16
458,b,1,0,726.926019146165,726.926019146165,6.076928455178859,0.123,0.027909309013878364,1.4230715448211413,1.8633842694127403,3.4373651232477602,728.5000000000001,730.3633842694129,2024-12-29 16:13:28,2024-12-31 06:00:00,2025-01-02 02:43:16,Tuesday,6
458,d,2,0,726.926019146165,730.3633842694128,2.5456877653066385,0.041,0.14130349589386867,0.0,0.23819054324112338,0.42049403913499206,730.5456877653068,730.7838783085479,2024-12-29 16:13:28,2025-01-02 07:05:47,2025-01-02 12:48:47,Thursday,7
458,e,3,0,726.926019146165,730.7838783085477,2.820782894940976,0.0,0.03690458639323805,0.0,2.4827082387993085,2.5196128251925467,730.820782894941,733.3034911337403,2024-12-29 16:13:28,2025-01-02 13:41:55,2025-01-05 01:17:01,Thursday,13
458,e,4,0,726.926019146165,733.3034911337403,5.346406392256426,0.041,0.0019152585160955285,2.1535936077435736,8.20595037545109,10.402459241710758,735.5,743.705950375451,2024-12-29 16:13:28,2025-01-07 06:00:00,2025-01-15 10:56:34,Tuesday,6
459,f,1,0,727.3790031119354,727.3790031119354,6.576717236402715,0.082,0.11571412446731939,0.9232827635972853,5.1498192385838255,6.27081612664843,728.5,733.6498192385839,2024-12-30 03:05:45,2024-12-31 06:00:00,2025-01-05 09:35:44,Tuesday,6
459,f,2,0,727.3790031119354,733.6498192385839,5.718506707319079,0.0,0.0686874687351838,1.7814932926809206,0.05870937550520652,1.908890136921311,735.5,735.5587093755053,2024-12-30 03:05:45,2025-01-07 06:00:00,2025-01-07 07:24:32,Tuesday,6
460,f,1,0,728.1618835579727,728.1618835579727,0.22591003213960903,0.041,0.023026474166935814,0.27408996786039097,2.2250219350317653,2.563138377059092,728.5000000000001,730.7250219350319,2024-12-30 21:53:06,2024-12-31 06:00:00,2025-01-02 11:24:01,Tuesday,6
460,c,2,0,728.1618835579727,730.7250219350318,2.8449079534397015,0.082,0.037886018407928865,0.0,0.5193366879977078,0.6392227064056367,730.8449079534397,731.3642446414374,2024-12-30 21:53:06,2025-01-02 14:16:40,2025-01-03 02:44:30,Thursday,14
461,e,1,0,728.4259773201662,728.4259773201662,0.49530864805046804,0.041,0.028331327884260366,0.004691351949531963,0.5537705534537299,0.6277932332875222,728.5000000000001,729.0537705534539,2024-12-31 04:13:24,2024-12-31 06:00:00,2024-12-31 19:17:25,Tuesday,6
461,b,2,0,728.4259773201662,729.0537705534538,1.18370900101786,0.123,0.006938447564033175,0.3162909989821401,0.05440805373478812,0.5006375002809613,729.5,729.5544080537347,2024-12-31 04:13:24,2025-01-01 06:00:00,2025-01-01 07:18:20,Wednesday,6
461,f,3,0,728.4259773201662,729.5544080537347,1.8241445120165736,0.041,0.22873645828179423,0.0,1.733594646348953,2.0033311046307474,729.8241445120166,731.5577391583655,2024-12-31 04:13:24,2025-01-01 13:46:46,2025-01-03 07:23:08,Wednesday,13
462,f,1,0,729.9388522388213,729.9388522388213,2.113882863622621,0.082,0.09303062480141146,0.3861171363773792,1.158026109016337,1.7191738701951278,730.5,731.6580261090163,2025-01-01 16:31:56,2025-01-02 06:00:00,2025-01-03 09:47:33,Thursday,6
462,b,2,0,729.9388522388213,731.6580261090164,3.7982481225942593,0.082,0.05822201357783694,0.0,0.016433640148413954,0.1566556537262509,731.7982481225943,731.8146817627427,2025-01-01 16:31:56,2025-01-03 13:09:28,2025-01-03 13:33:08,Friday,13
462,b,3,0,729.9388522388213,731.8146817627427,3.9053486369440407,0.082,0.00866687420139434,0.0,0.03981408738463479,0.13048096158602912,731.905348636944,731.9451627243287,2025-01-01 16:31:56,2025-01-03 15:43:42,2025-01-03 16:41:02,Friday,15
463,e,1,0,730.908956244458,730.908956244458,3.077344415828179,0.082,0.086388171370213,0.4226555841718209,1.9726506530079273,2.5636944085499613,731.5,733.4726506530079,2025-01-02 15:48:53,2025-01-03 06:00:00,2025-01-05 05:20:37,Friday,6
463,f,2,0,730.908956244458,733.4726506530079,5.621090589785354,0.041,0.10743993677742872,1.8789094102146464,0.05476757529194201,2.0821169222840172,735.5,735.554767575292,2025-01-02 15:48:53,2025-01-07 06:00:00,2025-01-07 07:18:51,Tuesday,6
463,c,3,0,730.908956244458,735.554767575292,0.6669099536572958,0.041,0.0711423783653458,0.0,1.2543288017771275,1.3664711801424732,735.6669099536574,736.9212387554345,2025-01-02 15:48:53,2025-01-07 10:00:21,2025-01-08 16:06:35,Tuesday,10
463,e,4,0,730.908956244458,736.9212387554345,1.9835128023944435,0.041,0.021274046959959117,0.0,2.637445069370745,2.699719116330704,736.9835128023946,739.6209578717653,2025-01-02 15:48:53,2025-01-08 17:36:15,2025-01-11 08:54:10,Wednesday,17
463,f,5,0,730.908956244458,739.6209578717652,4.637428290363459,0.0,0.01647041859822228,0.0,14.58022616648655,14.596696585084773,739.6374282903635,754.21765445685,2025-01-02 15:48:53,2025-01-11 09:17:53,2025-01-25 23:13:25,Saturday,9
463,e,6,0,730.908956244458,754.21765445685,5.295664998171105,0.041,0.03701054132103882,2.2043350018288947,1.7681821241850988,4.050527667335032,756.5,758.268182124185,2025-01-02 15:48:53,2025-01-28 06:00:00,2025-01-30 00:26:10,Tuesday,6
463,d,7,0,730.908956244458,758.268182124185,2.8058759468721064,0.082,0.45569382268702985,0.0,9.880222244998771,10.417916067685802,758.8058759468721,768.6860981918709,2025-01-02 15:48:53,2025-01-30 13:20:27,2025-02-09 10:27:58,Thursday,13
463,e,8,0,730.908956244458,768.6860981918709,5.8063126820201205,0.041,0.0792144901492747,1.6936873179798795,0.5497139580138201,2.363615766142974,770.5000000000001,771.049713958014,2025-01-02 15:48:53,2025-02-11 06:00:00,2025-02-11 19:11:35,Tuesday,6
463,c,9,0,730.908956244458,771.0497139580139,1.0750519050025105,0.0,0.025337946988618895,0.42494809499748953,3.6202752447981115,4.07056128678422,771.5,775.1202752447981,2025-01-02 15:48:53,2025-02-12 06:00:00,2025-02-15 20:53:11,Wednesday,6
463,e,10,0,730.908956244458,775.1202752447981,5.496028062752316,0.082,0.29375281795417524,2.003971937247684,0.28202238467360363,2.661747139875463,777.5,777.7820223846736,2025-01-02 15:48:53,2025-02-18 06:00:00,2025-02-18 12:46:06,Tuesday,6
463,e,11,0,730.908956244458,777.7820223846736,1.0073914334436722,0.041,0.18436904877003468,0.4926085665563278,2.6608657964306754,3.378843411757038,778.5,781.1608657964307,2025-01-02 15:48:53,2025-02-19 06:00:00,2025-02-21 21:51:38,Wednesday,6
463,e,12,0,730.908956244458,781.1608657964307,4.353002450606596,0.082,0.11013665417592403,0.14699754939340437,3.0441354440493917,3.3832696476187203,781.5,784.5441354440494,2025-01-02 15:48:53,2025-02-22 06:00:00,2025-02-25 07:03:33,Saturday,6
463,d,13,0,730.908956244458,784.5441354440494,0.6793520761062837,0.041,0.09421663205689898,0.0,4.499095972887957,4.634312604944856,784.6793520761064,789.1784480489944,2025-01-02 15:48:53,2025-02-25 10:18:16,2025-02-28 22:16:57,Tuesday,10
463,f,14,0,730.908956244458,789.1784480489943,5.334658489334174,0.082,0.07421044033993868,2.165341510665826,4.157391032515064,6.478942983520828,791.5,795.6573910325151,2025-01-02 15:48:53,2025-03-03 06:00:00,2025-03-07 09:46:38,Monday,6
463,b,15,0,730.908956244458,795.6573910325151,4.729947982375393,0.0,0.07255694986032396,0.0,0.851075357614346,0.92363230747467,795.7299479823754,796.5810233399898,2025-01-02 15:48:53,2025-03-07 11:31:07,2025-03-08 07:56:40,Friday,11
464,b,1,0,733.5666083931903,733.5666083931903,5.6849780578502305,0.041,0.07736966465984596,1.8150219421497695,2.9913331666628817,4.924724773472497,735.5,738.4913331666629,2025-01-05 07:35:54,2025-01-07 06:00:00,2025-01-10 05:47:31,Tuesday,6
465,d,1,0,734.4191553665247,734.4191553665247,6.887081738780921,0.082,0.385926372256206,0.6129182612190789,1.2401896372499852,2.3210342707252702,735.5,736.74018963725,2025-01-06 04:03:35,2025-01-07 06:00:00,2025-01-08 11:45:52,Tuesday,6
465,e,2,0,734.4191553665247,736.74018963725,1.7950693529105592,0.041,0.013879715660552997,0.0,1.481305078108067,1.53618479376862,736.7950693529106,738.2763744310187,2025-01-06 04:03:35,2025-01-08 13:04:53,2025-01-10 00:37:58,Wednesday,13
466,d,1,0,736.4533208143267,736.4533208143267,1.7028227365133262,0.082,0.16750192218657833,0.0,0.92793487400217,1.1774367961887484,736.7028227365133,737.6307576105155,2025-01-08 04:52:46,2025-01-08 10:52:03,2025-01-09 09:08:17,Wednesday,10
466,f,2,0,736.4533208143267,737.6307576105155,2.6838154299219923,0.041,0.012057819406508033,0.0,0.012453840690785034,0.06551166009729306,737.6838154299221,737.6962692706129,2025-01-08 04:52:46,2025-01-09 10:24:41,2025-01-09 10:42:37,Thursday,10
466,b,3,0,736.4533208143267,737.6962692706128,2.8794627289784103,0.0,0.18319345836564915,0.0,1.2538762761749358,1.437069734540585,737.8794627289784,739.1333390051534,2025-01-08 04:52:46,2025-01-09 15:06:25,2025-01-10 21:12:00,Thursday,15
466,d,4,0,736.4533208143267,739.1333390051534,4.307318148450349,0.041,0.13297914329697,0.19268185154965067,0.22630726584896094,0.5929682606955816,739.5000000000001,739.7263072658491,2025-01-08 04:52:46,2025-01-11 06:00:00,2025-01-11 11:25:52,Saturday,6
466,b,5,0,736.4533208143267,739.726307265849,4.784441247673726,0.041,0.017133981824793195,0.0,1.35763526694971,1.4157692487745033,739.7844412476738,741.1420765146236,2025-01-08 04:52:46,2025-01-11 12:49:35,2025-01-12 21:24:35,Saturday,12
466,e,6,0,736.4533208143267,741.1420765146235,6.306553598568257,0.082,0.08247708394484711,1.1934464014317427,1.858879518417775,3.216803003794365,742.5,744.3588795184178,2025-01-08 04:52:46,2025-01-14 06:00:00,2025-01-16 02:36:47,Tuesday,6
467,f,1,0,736.479469031044,736.479469031044,1.5341099850986666,0.0,0.05464095405463781,0.0,3.681083012397474,3.735723966452112,736.5341099850987,740.2151929974962,2025-01-08 05:30:26,2025-01-08 06:49:07,2025-01-11 23:09:52,Wednesday,6
468,c,1,0,739.2940987900388,739.2940987900388,4.445865882475914,0.041,0.11076709243717238,0.05413411752408592,5.39534148076382,5.601242690725078,739.5000000000001,744.8953414807639,2025-01-11 01:03:30,2025-01-11 06:00:00,2025-01-16 15:29:17,Saturday,6
468,b,2,0,739.2940987900388,744.8953414807638,3.0453463474177624,0.082,0.06800486665391578,0.45465365258223756,0.08937715229723156,0.6940356715333849,745.5,745.5893771522973,2025-01-11 01:03:30,2025-01-17 06:00:00,2025-01-17 08:08:42,Friday,6
468,b,3,0,739.2940987900388,745.5893771522972,3.821021493846729,0.0,0.2316443415495773,0.0,6.606485433315967,6.8381297748655445,745.8210214938467,752.4275069271627,2025-01-11 01:03:30,2025-01-17 13:42:16,2025-01-24 04:15:36,Friday,13
468,d,4,0,739.2940987900388,752.4275069271628,3.5148946744526484,0.041,0.04638774728985931,0.0,0.06401038512982576,0.15139813241968508,752.5148946744526,752.5789050595824,2025-01-11 01:03:30,2025-01-24 06:21:26,2025-01-24 07:53:37,Friday,6
469,b,1,0,740.1457577735996,740.1457577735996,5.290694289271528,0.123,0.02193651567190004,2.209305710728472,0.22382971242720512,2.5780719388275775,742.5,742.7238297124272,2025-01-11 21:29:53,2025-01-14 06:00:00,2025-01-14 11:22:18,Tuesday,6
469,f,2,0,740.1457577735996,742.7238297124272,0.8065896349429522,0.041,0.04175992251570251,0.0,0.08153404975959518,0.16429397227529768,742.806589634943,742.8881236847026,2025-01-11 21:29:53,2025-01-14 13:21:29,2025-01-14 15:18:53,Tuesday,13
470,c,1,0,740.449442140686,740.449442140686,5.707443454846043,0.082,0.1760013141601111,1.792556545153957,4.3171896148249225,6.367747474138991,742.5,746.8171896148249,2025-01-12 04:47:11,2025-01-14 06:00:00,2025-01-18 13:36:45,Tuesday,6
470,e,2,0,740.449442140686,746.817189614825,4.983656122908542,0.041,0.12546650808354073,0.0,0.5780029432223457,0.7444694513058865,746.9836561229085,747.5616590661309,2025-01-12 04:47:11,2025-01-18 17:36:27,2025-01-19 07:28:47,Saturday,17
470,f,3,0,740.449442140686,747.5616590661309,5.689477592746357,0.041,0.08681852661545758,1.810522407253643,1.0279036835665545,2.966244617435655,749.5000000000001,750.5279036835667,2025-01-12 04:47:11,2025-01-21 06:00:00,2025-01-22 06:40:10,Tuesday,6
470,b,4,0,740.449442140686,750.5279036835666,1.7638445160382616,0.123,0.11294083247169268,0.0,2.8164258573830447,3.0523666898547375,750.7638445160384,753.5802703734214,2025-01-12 04:47:11,2025-01-22 12:19:56,2025-01-25 07:55:35,Wednesday,12
470,c,5,0,740.449442140686,753.5802703734213,4.675338444231784,0.082,0.013068070810506219,0.0,0.6263574795185581,0.7214255503290643,753.6753384442318,754.3016959237503,2025-01-12 04:47:11,2025-01-25 10:12:29,2025-01-26 01:14:26,Saturday,10
470,c,6,0,740.449442140686,754.3016959237503,5.432194607309384,0.082,0.048498683559083856,2.067805392690616,0.5704756902926038,2.7687797665423037,756.5,757.0704756902926,2025-01-12 04:47:11,2025-01-28 06:00:00,2025-01-28 19:41:29,Tuesday,6
470,f,7,0,740.449442140686,757.0704756902926,1.134511653755112,0.0,0.06403596346245898,0.3654883462448879,2.234295654870073,2.66381996457742,757.5,759.73429565487,2025-01-12 04:47:11,2025-01-29 06:00:00,2025-01-31 11:37:23,Wednesday,6
470,c,8,0,740.449442140686,759.73429565487,4.509911663480693,0.082,0.6936160086106248,0.0,5.431935689176036,6.207551697786661,760.5099116634807,765.9418473526567,2025-01-12 04:47:11,2025-02-01 06:14:16,2025-02-06 16:36:15,Saturday,6
470,c,9,0,740.449442140686,765.9418473526567,3.0955590853816375,0.123,0.0307117327248785,0.4044409146183625,2.3959286318406474,2.9540812791838884,766.5,768.8959286318407,2025-01-12 04:47:11,2025-02-07 06:00:00,2025-02-09 15:30:08,Friday,6
470,f,10,0,740.449442140686,768.8959286318407,6.04165326726104,0.041,0.10472463542040977,1.4583467327389599,5.420129813216628,7.0242011813759975,770.5000000000001,775.9201298132167,2025-01-12 04:47:11,2025-02-11 06:00:00,2025-02-16 16:04:59,Tuesday,6
470,d,11,0,740.449442140686,775.9201298132167,6.179168774550021,0.082,0.17703896133329394,1.3208312254499788,0.8433520755199762,2.423222262303249,777.5,778.34335207552,2025-01-12 04:47:11,2025-02-18 06:00:00,2025-02-19 02:14:25,Tuesday,6
470,c,12,0,740.449442140686,778.34335207552,1.393314741268,0.041,0.008962665748053402,0.10668525873199997,0.2080772244966039,0.3647251489766573,778.5000000000001,778.7080772244967,2025-01-12 04:47:11,2025-02-19 06:00:00,2025-02-19 10:59:37,Wednesday,6
470,b,13,0,740.449442140686,778.7080772244966,2.141222374361405,0.082,0.35114514986475504,0.35877762563859505,0.10814945855621806,0.9000722340595682,779.5,779.6081494585562,2025-01-12 04:47:11,2025-02-20 06:00:00,2025-02-20 08:35:44,Thursday,6
470,e,14,0,740.449442140686,779.6081494585562,2.671627521721007,0.041,0.022478063164808774,0.0,0.3126152936180785,0.37609335678288724,779.6716275217211,779.9842428153391,2025-01-12 04:47:11,2025-02-20 10:07:08,2025-02-20 17:37:18,Thursday,10
470,c,15,0,740.449442140686,779.9842428153391,3.0864521107571363,0.082,0.02020929541797102,0.4135478892428637,3.0385697475588893,3.554326932219724,780.5,783.5385697475589,2025-01-12 04:47:11,2025-02-21 06:00:00,2025-02-24 06:55:32,Friday,6
470,c,16,0,740.449442140686,783.5385697475589,6.540735490278848,0.0,0.00216574271999499,0.9592645097211516,4.834738768090343,5.79616902053149,784.5,789.3347387680903,2025-01-12 04:47:11,2025-02-25 06:00:00,2025-03-01 02:02:01,Tuesday,6
471,c,1,0,741.7815872230535,741.7815872230535,6.792415621333248,0.0,0.01082839827975107,0.707584378666752,4.730676266699515,5.449089043646017,742.5,747.2306762666996,2025-01-13 12:45:29,2025-01-14 06:00:00,2025-01-18 23:32:10,Tuesday,6
471,f,2,0,741.7815872230535,747.2306762666996,5.371112022059037,0.041,0.09943575535951565,2.1288879779409626,0.002394477901005884,2.2717182112014838,749.5000000000001,749.5023944779011,2025-01-13 12:45:29,2025-01-21 06:00:00,2025-01-21 06:03:26,Tuesday,6
471,b,3,0,741.7815872230535,749.502394477901,0.6214722985213257,0.082,0.037077820620278694,0.0,2.1163198070317484,2.235397627652027,749.6214722985213,751.7377921055531,2025-01-13 12:45:29,2025-01-21 08:54:55,2025-01-23 11:42:25,Tuesday,8
471,b,4,0,741.7815872230535,751.737792105553,2.859397083496333,0.041,0.08060497794327277,0.0,1.4191769168985755,1.5407818948418484,751.8593970834963,753.2785740003949,2025-01-13 12:45:29,2025-01-23 14:37:31,2025-01-25 00:41:08,Thursday,14
471,b,5,0,741.7815872230535,753.2785740003949,4.421922294047022,0.123,0.02034829365212991,0.07807770595297825,0.7238266867763542,0.9452526863814623,753.5,754.2238266867763,2025-01-13 12:45:29,2025-01-25 06:00:00,2025-01-25 23:22:18,Saturday,6
472,b,1,0,742.1335736604204,742.1335736604204,0.4221020663804893,0.123,0.16552840596010254,0.0778979336195107,0.5953365654361763,0.9617629050157895,742.5000000000001,743.0953365654362,2025-01-13 21:12:20,2025-01-14 06:00:00,2025-01-14 20:17:17,Tuesday,6
472,e,2,0,742.1335736604204,743.0953365654362,1.2807576724533192,0.123,0.06242110701707141,0.21924232754668083,0.9060017831579824,1.3106652177217346,743.5,744.406001783158,2025-01-13 21:12:20,2025-01-15 06:00:00,2025-01-16 03:44:38,Wednesday,6
472,e,3,0,742.1335736604204,744.406001783158,2.6265203660929046,0.082,0.13851858293492045,0.0,1.9980604743075554,2.2185790572424757,744.6265203660929,746.6245808404004,2025-01-13 21:12:20,2025-01-16 09:02:11,2025-01-18 08:59:23,Thursday,9
472,e,4,0,742.1335736604204,746.6245808404004,4.693849244161697,0.041,0.028268403761266683,0.0,3.8029345521144418,3.8722029558757085,746.6938492441617,750.4967837962762,2025-01-13 21:12:20,2025-01-18 10:39:08,2025-01-22 05:55:22,Saturday,10
472,c,5,0,742.1335736604204,750.4967837962762,1.6746729245762708,0.082,0.09588912830009616,0.0,0.12291072386131226,0.3007998521614084,750.6746729245763,750.7975836484376,2025-01-13 21:12:20,2025-01-22 10:11:31,2025-01-22 13:08:31,Wednesday,10
472,f,6,0,742.1335736604204,750.7975836484376,1.9006505690076665,0.041,0.06206692057014171,0.0,0.04904658029141155,0.15211350086155326,750.9006505690078,750.9496971492991,2025-01-13 21:12:20,2025-01-22 15:36:56,2025-01-22 16:47:33,Wednesday,15
472,c,7,0,742.1335736604204,750.9496971492991,2.1746917559847816,0.082,0.14299460668562433,0.3253082440152184,1.2704088661752522,1.820711716876095,751.5,752.7704088661752,2025-01-13 21:12:20,2025-01-23 06:00:00,2025-01-24 12:29:23,Thursday,6
472,e,8,0,742.1335736604204,752.7704088661752,3.989973650649631,0.123,0.09656478447443624,0.0,2.667466052157945,2.8870308366323814,752.9899736506497,755.6574397028077,2025-01-13 21:12:20,2025-01-24 17:45:33,2025-01-27 09:46:42,Friday,17
472,d,9,0,742.1335736604204,755.6574397028076,6.7074851842610315,0.041,0.009045481453449338,0.7925148157389685,0.40474916613549117,1.247309463327909,756.5,756.9047491661355,2025-01-13 21:12:20,2025-01-28 06:00:00,2025-01-28 15:42:50,Tuesday,6
472,c,10,0,742.1335736604204,756.9047491661355,1.042372290024332,0.082,0.0556231238888271,0.45762770997566804,21.980735947742044,22.575986781606538,757.5,779.480735947742,2025-01-13 21:12:20,2025-01-29 06:00:00,2025-02-20 05:32:15,Wednesday,6
473,d,1,0,743.5027074754777,743.5027074754777,1.6593905501424615,0.041,0.11568307466480882,0.0,1.895254524020938,2.051937598685747,743.6593905501426,745.5546450741635,2025-01-15 06:03:53,2025-01-15 09:49:31,2025-01-17 07:18:41,Wednesday,9
473,f,2,0,743.5027074754777,745.5546450741634,3.6676827986538,0.082,0.031037724490317727,0.0,0.008703879067652923,0.12174160355797066,745.6676827986537,745.6763866777213,2025-01-15 06:03:53,2025-01-17 10:01:27,2025-01-17 10:13:59,Friday,10
473,f,3,0,743.5027074754777,745.6763866777214,3.7696040200166863,0.082,0.011217342295258304,0.0,1.030320557856951,1.1235379001522092,745.7696040200167,746.7999245778736,2025-01-15 06:03:53,2025-01-17 12:28:13,2025-01-18 13:11:53,Friday,12
473,b,4,0,743.5027074754777,746.7999245778736,4.97656330602706,0.082,0.0946387281533726,0.0,0.13229113671389037,0.308929864867263,746.9765633060271,747.108854442741,2025-01-15 06:03:53,2025-01-18 17:26:15,2025-01-18 20:36:45,Saturday,17
473,b,5,0,743.5027074754777,747.108854442741,5.188779819165916,0.0,0.0799253764250023,2.311220180834084,0.195577308120889,2.5867228653799756,749.5,749.6955773081208,2025-01-15 06:03:53,2025-01-21 06:00:00,2025-01-21 10:41:37,Tuesday,6
473,c,6,0,743.5027074754777,749.695577308121,0.8004388956829871,0.082,0.02286158756197328,0.0,0.5013672996979697,0.606228887259943,749.8004388956829,750.3018061953809,2025-01-15 06:03:53,2025-01-21 13:12:37,2025-01-22 01:14:36,Tuesday,13
473,d,7,0,743.5027074754777,750.3018061953809,1.4094741534504465,0.041,0.06666795806960599,0.09052584654955353,4.842052574545736,5.040246379164896,750.5000000000001,755.3420525745458,2025-01-15 06:03:53,2025-01-22 06:00:00,2025-01-27 02:12:33,Wednesday,6
473,d,8,0,743.5027074754777,755.3420525745457,6.392902087642142,0.041,0.009849513096379723,1.1070979123578581,2.47721304003445,3.6351604654886875,756.5,758.9772130400345,2025-01-15 06:03:53,2025-01-28 06:00:00,2025-01-30 17:27:11,Tuesday,6
473,e,9,0,743.5027074754777,758.9772130400344,3.134478256432317,0.123,0.034265216397996776,0.3655217435676832,0.7165896880552977,1.2393766480209778,759.5000000000001,760.2165896880554,2025-01-15 06:03:53,2025-01-31 06:00:00,2025-01-31 23:11:53,Friday,6
473,c,10,0,743.5027074754777,760.2165896880554,4.329616655538871,0.082,0.031026967483455944,0.17038334446112913,3.621256589661066,3.904666901605651,760.5,764.121256589661,2025-01-15 06:03:53,2025-02-01 06:00:00,2025-02-04 20:54:36,Saturday,6
473,b,11,0,743.5027074754777,764.121256589661,1.190028473702455,0.0,0.06877188404144313,0.3099715262975451,1.9584242275538466,2.337167637892835,764.5,766.4584242275538,2025-01-15 06:03:53,2025-02-05 06:00:00,2025-02-07 05:00:07,Wednesday,6
473,b,12,0,743.5027074754777,766.4584242275539,3.53524426767342,0.041,0.03582004011953543,0.0,0.12377560380788676,0.20059564392742218,766.5352442676735,766.6590198714814,2025-01-15 06:03:53,2025-02-07 06:50:45,2025-02-07 09:48:59,Friday,6
474,e,1,0,744.7170877635358,744.7170877635358,2.793777511496046,0.041,0.03568974796025209,0.0,0.1550794117566685,0.23176915971692058,744.7937775114962,744.9488569232528,2025-01-16 11:12:36,2025-01-16 13:03:02,2025-01-16 16:46:21,Thursday,13
474,b,2,0,744.7170877635358,744.9488569232527,3.073100547275544,0.082,0.042243624022806285,0.42689945272445584,0.09757917568789469,0.6487222524351568,745.5,745.5975791756879,2025-01-16 11:12:36,2025-01-17 06:00:00,2025-01-17 08:20:30,Friday,6
475,d,1,0,745.3529686750418,745.3529686750418,3.511020237591083,0.0,0.15805156254927552,0.0,0.30200658385066187,0.46005814639993736,745.5110202375911,745.8130268214418,2025-01-17 02:28:16,2025-01-17 06:15:52,2025-01-17 13:30:45,Friday,6
476,b,1,0,745.3696207878465,745.3696207878465,3.527517541679117,0.082,0.07589675383255724,0.0,0.12212077342371822,0.2800175272562755,745.5275175416791,745.6496383151028,2025-01-17 02:52:15,2025-01-17 06:39:37,2025-01-17 09:35:28,Friday,6
476,e,2,0,745.3696207878465,745.6496383151028,3.7885676209871235,0.123,0.015929305884244384,0.0,1.998304585765902,2.1372338916501463,745.7885676209871,747.7868722067531,2025-01-17 02:52:15,2025-01-17 12:55:32,2025-01-19 12:53:05,Friday,12
476,c,3,0,745.3696207878465,747.786872206753,6.260288619310131,0.082,0.3914164125572015,1.2397113806898687,0.41697465797023675,2.130102451217307,749.5,749.9169746579703,2025-01-17 02:52:15,2025-01-21 06:00:00,2025-01-21 16:00:26,Tuesday,6
476,c,4,0,745.3696207878465,749.9169746579703,1.3159569109790255,0.041,0.35798225300868924,0.18404308902097455,4.932116362769816,5.515141704799479,750.5,755.4321163627698,2025-01-17 02:52:15,2025-01-22 06:00:00,2025-01-27 04:22:14,Wednesday,6
477,f,1,0,746.5195018351894,746.5195018351894,4.69597536281583,0.082,0.0944735276263854,0.0,11.945703293203545,12.12217682082993,746.6959753628158,758.6416786560194,2025-01-18 06:28:04,2025-01-18 10:42:12,2025-01-30 09:24:01,Saturday,10
477,f,2,0,746.5195018351894,758.6416786560194,2.8813291914169668,0.041,0.1986505353975238,0.0,0.031003155069628387,0.2706536904671522,758.881329191417,758.9123323464866,2025-01-18 06:28:04,2025-01-30 15:09:06,2025-01-30 15:53:45,Thursday,15
477,e,3,0,746.5195018351894,758.9123323464866,3.0487891039788337,0.123,0.013456757492337157,0.45121089602116626,2.1516471756675233,2.7393148291810268,759.5000000000001,761.6516471756677,2025-01-18 06:28:04,2025-01-31 06:00:00,2025-02-02 09:38:22,Friday,6
477,d,4,0,746.5195018351894,761.6516471756676,5.801711795310894,0.123,0.027064619643287664,1.6982882046891064,0.15332255770187173,2.0016753820342656,763.5,763.6533225577019,2025-01-18 06:28:04,2025-02-04 06:00:00,2025-02-04 09:40:47,Tuesday,6
477,d,5,0,746.5195018351894,763.6533225577018,0.8762311909424625,0.082,0.14090863324066735,0.0,2.991369770185681,3.2142784034263485,763.8762311909425,766.8676009611281,2025-01-18 06:28:04,2025-02-04 15:01:46,2025-02-07 14:49:20,Tuesday,15
477,c,6,0,746.5195018351894,766.8676009611281,3.9826172761282805,0.041,0.07401631500021405,0.0,3.699371945149246,3.8143882601494603,766.9826172761284,770.6819892212776,2025-01-18 06:28:04,2025-02-07 17:34:58,2025-02-11 10:22:03,Friday,17
477,f,7,0,746.5195018351894,770.6819892212776,0.7801794648619307,0.041,0.0571902435843038,0.0,11.17388977549211,11.272080019076414,770.7801794648619,781.954069240354,2025-01-18 06:28:04,2025-02-11 12:43:27,2025-02-22 16:53:51,Tuesday,12
477,f,8,0,746.5195018351894,781.954069240354,5.171079459790008,0.123,0.09401021943600864,2.3289205402099924,0.013946526800437859,2.5598772864464387,784.5,784.5139465268004,2025-01-18 06:28:04,2025-02-25 06:00:00,2025-02-25 06:20:04,Tuesday,6
478,b,1,0,750.3579729109454,750.3579729109454,1.507080261202077,0.123,0.02610735025665833,0.0,0.4168295703638639,0.5659369206205223,750.5070802612021,750.923909831566,2025-01-22 02:35:28,2025-01-22 06:10:11,2025-01-22 16:10:25,Wednesday,6
478,b,2,0,750.3579729109454,750.9239098315659,2.111070832035807,0.082,0.1051610004699765,0.38892916796419286,0.01651482845885851,0.5926049968930279,751.5,751.5165148284589,2025-01-22 02:35:28,2025-01-23 06:00:00,2025-01-23 06:23:46,Thursday,6
478,b,3,0,750.3579729109454,751.5165148284589,2.6153946733026032,0.082,0.016879844843764782,0.0,0.3994922178236683,0.49837206266743306,751.6153946733026,752.0148868911263,2025-01-22 02:35:28,2025-01-23 08:46:10,2025-01-23 18:21:26,Thursday,8
478,c,4,0,750.3579729109454,752.0148868911263,3.2067048066263624,0.082,0.10981791550011753,0.29329519337363763,2.777448962480407,3.262562071354162,752.5,755.2774489624804,2025-01-22 02:35:28,2025-01-24 06:00:00,2025-01-27 00:39:31,Friday,6
479,c,1,0,752.484092305188,752.484092305188,3.646434829337636,0.082,0.08034252414962711,0.0,0.8450998461516818,1.007442370301309,752.6464348293376,753.4915346754893,2025-01-24 05:37:05,2025-01-24 09:30:51,2025-01-25 05:47:48,Friday,9
479,f,2,0,752.484092305188,753.4915346754893,4.836855376788094,0.0,0.3453207012987768,0.0,0.03571914327750385,0.38103984457628065,753.8368553767881,753.8725745200655,2025-01-24 05:37:05,2025-01-25 14:05:04,2025-01-25 14:56:30,Saturday,14
479,f,3,0,752.484092305188,753.8725745200657,4.9838731121756155,0.082,0.02929859210999209,0.0,6.406959260389435,6.518257852499427,753.9838731121756,760.390832372565,2025-01-24 05:37:05,2025-01-25 17:36:46,2025-02-01 03:22:47,Saturday,17
479,e,4,0,752.484092305188,760.3908323725651,4.645553546298629,0.041,0.21372117373352026,0.0,0.6758789676578377,0.930600141391358,760.6455535462987,761.3214325139566,2025-01-24 05:37:05,2025-02-01 09:29:35,2025-02-02 01:42:51,Saturday,9
479,e,5,0,752.484092305188,761.3214325139564,5.486341475497397,0.123,0.041908961540964636,2.0136585245026026,0.3883464089336298,2.5669138949771972,763.5,763.8883464089337,2025-01-24 05:37:05,2025-02-04 06:00:00,2025-02-04 15:19:13,Tuesday,6
479,b,6,0,752.484092305188,763.8883464089337,1.0078791103723006,0.082,0.03753270143862111,0.4921208896276994,1.625382558460207,2.237036149526528,764.5,766.1253825584602,2025-01-24 05:37:05,2025-02-05 06:00:00,2025-02-06 21:00:33,Wednesday,6
479,f,7,0,752.484092305188,766.1253825584602,3.167434339301394,0.041,0.0010517808412896152,0.3325656606986058,2.510604436211026,2.8852218777509213,766.5000000000001,769.0106044362111,2025-01-24 05:37:05,2025-02-07 06:00:00,2025-02-09 18:15:16,Friday,6
479,d,8,0,752.484092305188,769.0106044362111,6.075349094914145,0.041,0.023744658703064525,1.424650905085855,0.965223529416925,2.4546190932058445,770.5000000000001,771.465223529417,2025-01-24 05:37:05,2025-02-11 06:00:00,2025-02-12 05:09:55,Tuesday,6
479,c,9,0,752.484092305188,771.4652235294169,2.020823469618449,0.082,0.4735999402015629,0.47917653038155095,0.6420927317255174,1.6768692023086311,772.5,773.1420927317255,2025-01-24 05:37:05,2025-02-13 06:00:00,2025-02-13 21:24:36,Thursday,6
480,b,1,0,752.9345312831815,752.9345312831815,3.9714814586907323,0.0,0.036950175509184974,0.0,3.103059372829579,3.1400095483387642,752.9714814586907,756.0745408315203,2025-01-24 16:25:43,2025-01-24 17:18:55,2025-01-27 19:47:20,Friday,17
480,d,2,0,752.9345312831815,756.0745408315203,0.3052846125722226,0.123,0.10774378105190537,0.1947153874277774,0.16239995336453505,0.5878591218442177,756.5,756.6623999533646,2025-01-24 16:25:43,2025-01-28 06:00:00,2025-01-28 09:53:51,Tuesday,6
480,c,3,0,752.9345312831815,756.6623999533645,0.7613861144322982,0.082,0.016986161067825974,0.0,0.8499404409124509,0.9489266019802769,756.7613861144323,757.6113265553447,2025-01-24 16:25:43,2025-01-28 12:16:23,2025-01-29 08:40:18,Tuesday,12
480,e,4,0,752.9345312831815,757.6113265553447,1.7936317536721162,0.082,0.10030519832736273,0.0,2.118961324656347,2.3012665229837097,757.7936317536721,759.9125930783284,2025-01-24 16:25:43,2025-01-29 13:02:49,2025-01-31 15:54:08,Wednesday,13
480,f,5,0,752.9345312831815,759.9125930783284,4.147848484857377,0.082,0.15325540652891817,0.3521515151426229,2.687337455956602,3.274744377628143,760.5,763.1873374559566,2025-01-24 16:25:43,2025-02-01 06:00:00,2025-02-03 22:29:45,Saturday,6
480,b,6,0,752.9345312831815,763.1873374559566,0.3173178764269551,0.123,0.006980420470331691,0.18268212357304492,2.4733006046363957,2.7859631486797722,763.5,765.9733006046364,2025-01-24 16:25:43,2025-02-04 06:00:00,2025-02-06 17:21:33,Tuesday,6
480,b,7,0,752.9345312831815,765.9733006046364,3.1207217208641396,0.082,0.06542111622772238,0.37927827913586043,0.5460839618628565,1.0727833572264394,766.5,767.0460839618629,2025-01-24 16:25:43,2025-02-07 06:00:00,2025-02-07 19:06:21,Friday,6
481,d,1,0,755.5414174944104,755.5414174944104,6.742175174309864,0.041,0.15975767989946998,0.7578248256901361,0.16859123123516814,1.1271737368247743,756.5000000000001,756.6685912312353,2025-01-27 06:59:38,2025-01-28 06:00:00,2025-01-28 10:02:46,Tuesday,6
482,e,1,0,756.2070792103669,756.2070792103669,0.3332462769999438,0.041,0.08516706663302119,0.1667537230000562,0.23067887176630555,0.523599661399383,756.5000000000001,756.7306788717664,2025-01-27 22:58:11,2025-01-28 06:00:00,2025-01-28 11:32:10,Tuesday,6
482,f,2,0,756.2070792103669,756.7306788717664,1.1082801281136199,0.082,0.29560125634729234,0.39171987188638013,0.0033496821248465165,0.772670810358519,757.5,757.5033496821248,2025-01-27 22:58:11,2025-01-29 06:00:00,2025-01-29 06:04:49,Wednesday,6
482,f,3,0,756.2070792103669,757.5033496821248,1.9118892891647192,0.123,0.28553960703985914,0.0,0.607042154084591,1.0155817611244502,757.9118892891647,758.5189314432494,2025-01-27 22:58:11,2025-01-29 15:53:07,2025-01-30 06:27:15,Wednesday,15
482,e,4,0,756.2070792103669,758.5189314432492,2.643396437281126,0.041,0.08346499403186353,0.0,0.24272563836756905,0.3671906323994326,758.6433964372811,758.8861220756487,2025-01-27 22:58:11,2025-01-30 09:26:29,2025-01-30 15:16:00,Thursday,9
483,d,1,0,759.1593762269506,759.1593762269506,3.217520408935343,0.0,0.058144181984784285,0.28247959106465714,0.1091802139764844,0.44980398702592583,759.5,759.6091802139765,2025-01-30 21:49:30,2025-01-31 06:00:00,2025-01-31 08:37:13,Friday,6
484,e,1,0,759.2431798152556,759.2431798152556,3.327125485782176,0.082,0.001945670526490826,0.17287451421782407,0.29605651430151025,0.5528766990458251,759.5,759.7960565143015,2025-01-30 23:50:10,2025-01-31 06:00:00,2025-01-31 13:06:19,Friday,6
484,b,2,0,759.2431798152556,759.7960565143014,3.8133924423456165,0.0,0.017335928044185565,0.0,0.09086788207507523,0.10820381011926081,759.8133924423456,759.9042603244206,2025-01-30 23:50:10,2025-01-31 13:31:17,2025-01-31 15:42:08,Friday,13
484,f,3,0,759.2431798152556,759.9042603244206,4.025319144674313,0.082,0.03905882025366982,0.47468085532568693,3.209403377591894,3.8051430531712507,760.5,763.7094033775919,2025-01-30 23:50:10,2025-02-01 06:00:00,2025-02-04 11:01:32,Saturday,6
484,e,4,0,759.2431798152556,763.7094033775919,0.7263736058056338,0.0,0.016970228213683408,0.0,4.139037371325035,4.156007599538718,763.7263736058056,767.8654109771306,2025-01-30 23:50:10,2025-02-04 11:25:58,2025-02-08 14:46:11,Tuesday,11
484,d,5,0,759.2431798152556,767.8654109771306,4.912563044736544,0.041,0.006152067605855742,0.0,6.67026864384247,6.717420711448326,767.9125630447365,774.5828316885791,2025-01-30 23:50:10,2025-02-08 15:54:05,2025-02-15 07:59:16,Saturday,15
484,d,6,0,759.2431798152556,774.582831688579,4.8970979374631725,0.041,0.27326624888417783,0.0,1.9873102181385713,2.301576467022749,774.8970979374632,776.8844081556017,2025-01-30 23:50:10,2025-02-15 15:31:49,2025-02-17 15:13:32,Saturday,15
485,d,1,0,759.3912440103499,759.3912440103499,3.483417447587044,0.041,0.05117343723717247,0.01658255241295592,0.2768389565674389,0.3855949462175673,759.5,759.7768389565674,2025-01-31 03:23:23,2025-01-31 06:00:00,2025-01-31 12:38:38,Friday,6
485,f,2,0,759.3912440103499,759.7768389565674,3.8804733365460606,0.082,0.02163437997861773,0.0,0.0702554704388494,0.17388985041746713,759.8804733365461,759.9507288069849,2025-01-31 03:23:23,2025-01-31 15:07:52,2025-01-31 16:49:02,Friday,15
485,f,3,0,759.3912440103499,759.9507288069849,4.03652299745238,0.041,0.044794190467492695,0.46347700254762003,0.5820742165524441,1.1313454095675568,760.5000000000001,761.0820742165525,2025-01-31 03:23:23,2025-02-01 06:00:00,2025-02-01 19:58:11,Saturday,6
486,e,1,0,760.240548422247,760.240548422247,4.350762449167405,0.041,0.0692140269204359,0.14923755083259493,0.25341895703570483,0.5128705347887357,760.5000000000001,760.7534189570358,2025-01-31 23:46:23,2025-02-01 06:00:00,2025-02-01 12:04:55,Saturday,6
486,f,2,0,760.240548422247,760.7534189570357,4.873688719968754,0.082,0.03826976293310042,0.0,0.006343876234804369,0.1266136391679048,760.8736887199688,760.8800325962036,2025-01-31 23:46:23,2025-02-01 14:58:06,2025-02-01 15:07:14,Saturday,14
486,d,3,0,760.240548422247,760.8800325962036,5.076252717004991,0.082,0.11422012080138258,2.4237472829950093,5.990761679594907,8.610729083391298,763.5,769.4907616795949,2025-01-31 23:46:23,2025-02-04 06:00:00,2025-02-10 05:46:41,Tuesday,6
486,d,4,0,760.240548422247,769.4907616795949,6.61355810847715,0.041,0.08179642888224674,0.8864418915228498,0.155269907177518,1.1645082275826146,770.5000000000001,770.6552699071776,2025-01-31 23:46:23,2025-02-11 06:00:00,2025-02-11 09:43:35,Tuesday,6
486,c,5,0,760.240548422247,770.6552699071775,0.8693944219504601,0.082,0.1321245147729809,0.0,0.23220826479943965,0.44633277957242057,770.8693944219505,771.1016026867499,2025-01-31 23:46:23,2025-02-11 14:51:55,2025-02-11 20:26:18,Tuesday,14
486,e,6,0,760.240548422247,771.10160268675,1.2994185538481133,0.041,0.1568158670981491,0.20058144615188667,3.6148164949210413,4.013213808171077,771.5000000000001,775.1148164949211,2025-01-31 23:46:23,2025-02-12 06:00:00,2025-02-15 20:45:20,Wednesday,6
487,b,1,0,761.9869408068802,761.9869408068802,6.186790879564569,0.082,0.11785007268443648,1.313209120435431,6.386307195640006,7.899366388759874,763.5,769.88630719564,2025-02-02 17:41:11,2025-02-04 06:00:00,2025-02-10 15:16:16,Tuesday,6
488,b,1,0,764.9629572096283,764.9629572096283,2.1505837287505756,0.041,0.14662651912229163,0.3494162712494244,0.534318300336059,1.071361090707775,765.5,766.034318300336,2025-02-05 17:06:39,2025-02-06 06:00:00,2025-02-06 18:49:25,Thursday,6
488,f,2,0,764.9629572096283,766.034318300336,3.329887450342312,0.082,0.21356915000625626,0.17011254965768785,0.005989336461992029,0.47167103612593614,766.5,766.505989336462,2025-02-05 17:06:39,2025-02-07 06:00:00,2025-02-07 06:08:37,Friday,6
488,c,3,0,764.9629572096283,766.505989336462,3.6396189134633232,0.082,0.051629577001348494,0.0,0.500865970986948,0.6344955479882964,766.6396189134633,767.1404848844503,2025-02-05 17:06:39,2025-02-07 09:21:03,2025-02-07 21:22:17,Friday,9
488,c,4,0,764.9629572096283,767.1404848844503,4.154898080824864,0.0,0.014413196374519608,0.34510191917513566,0.8748516322804576,1.2343667478301128,767.5,768.3748516322804,2025-02-05 17:06:39,2025-02-08 06:00:00,2025-02-09 02:59:47,Saturday,6
488,b,5,0,764.9629572096283,768.3748516322804,5.42883709483749,0.0,0.05398546255713589,2.0711629051625096,1.0713145883166617,3.1964629560363074,770.5,771.5713145883167,2025-02-05 17:06:39,2025-02-11 06:00:00,2025-02-12 07:42:41,Tuesday,6
488,e,6,0,764.9629572096283,771.5713145883167,1.663937780551123,0.082,0.010623192234437008,0.0,2.3841209769145286,2.4767441691489656,771.6639377805511,774.0480587574657,2025-02-05 17:06:39,2025-02-12 09:56:04,2025-02-14 19:09:12,Wednesday,9
488,c,7,0,764.9629572096283,774.0480587574657,4.105671793996862,0.041,0.016613036531202854,0.3943282060031379,2.834411361150731,3.2863526036850716,774.5000000000001,777.3344113611508,2025-02-05 17:06:39,2025-02-15 06:00:00,2025-02-18 02:01:33,Saturday,6
489,d,1,0,770.1010609045907,770.1010609045907,0.3985447500067494,0.0,0.2974838454160384,0.10145524999325062,0.2642807753220071,0.6632198707312962,770.5,770.764280775322,2025-02-10 20:25:31,2025-02-11 06:00:00,2025-02-11 12:20:33,Tuesday,6
489,b,2,0,770.1010609045907,770.7642807753219,1.0539796387639626,0.123,0.16669886344206936,0.4460203612360374,0.12175304262903151,0.8574722673071383,771.5000000000001,771.6217530426292,2025-02-10 20:25:31,2025-02-12 06:00:00,2025-02-12 08:55:19,Wednesday,6
489,f,3,0,770.1010609045907,771.621753042629,1.8493425868305167,0.123,0.10458954420150104,0.0,4.12656156248803,4.354151106689531,771.8493425868306,775.9759041493187,2025-02-10 20:25:31,2025-02-12 14:23:03,2025-02-16 17:25:18,Wednesday,14
489,f,4,0,770.1010609045907,775.9759041493186,6.065285676626672,0.041,0.04838152730811431,1.4347143233733277,0.8110965184003871,2.3351923690818293,777.5000000000001,778.3110965184005,2025-02-10 20:25:31,2025-02-18 06:00:00,2025-02-19 01:27:58,Tuesday,6
489,b,5,0,770.1010609045907,778.3110965184004,1.398478403630861,0.041,0.04638188523042877,0.10152159636913893,8.403422001935779,8.592325483535346,778.5,786.9034220019357,2025-02-10 20:25:31,2025-02-19 06:00:00,2025-02-26 15:40:55,Wednesday,6
489,d,6,0,770.1010609045907,786.9034220019357,2.9870621017420262,0.041,0.04264009980632928,0.0,0.6114469573798397,0.6950870571861689,786.9870621017421,787.598509059122,2025-02-10 20:25:31,2025-02-26 17:41:22,2025-02-27 08:21:51,Wednesday,17
489,f,7,0,770.1010609045907,787.5985090591219,3.649849635962255,0.041,0.0103405768404062,0.0,3.9719709543554527,4.0233115311958585,787.6498496359624,791.6218205903178,2025-02-10 20:25:31,2025-02-27 09:35:47,2025-03-03 08:55:25,Thursday,9
489,b,8,0,770.1010609045907,791.6218205903177,0.6691004022759444,0.0,0.04727981195822747,0.0,0.30500379667271166,0.3522836086309391,791.669100402276,791.9741041989487,2025-02-10 20:25:31,2025-03-03 10:03:30,2025-03-03 17:22:42,Monday,10
489,d,9,0,770.1010609045907,791.9741041989487,1.4006374541036166,0.0,0.4265332551549812,0.09936254589638338,0.1100876205930188,0.6359834216443834,792.5,792.610087620593,2025-02-10 20:25:31,2025-03-04 06:00:00,2025-03-04 08:38:31,Tuesday,6
489,c,10,0,770.1010609045907,792.610087620593,1.7414284939809477,0.082,0.049340873387893544,0.0,6.52954215610731,6.660883029495204,792.741428493981,799.2709706500882,2025-02-10 20:25:31,2025-03-04 11:47:39,2025-03-11 00:30:11,Tuesday,11
490,c,1,0,770.1271087136145,770.1271087136145,0.17892520116345167,0.0,0.05181648754893482,0.3210747988365483,2.5651404051756255,2.9380316915611084,770.5,773.0651404051756,2025-02-10 21:03:02,2025-02-11 06:00:00,2025-02-13 19:33:48,Tuesday,6
490,c,2,0,770.1271087136145,773.0651404051756,3.2722166453695536,0.123,0.08407624019394133,0.2277833546304464,1.4944546652819242,1.9293142601063118,773.5,774.994454665282,2025-02-10 21:03:02,2025-02-14 06:00:00,2025-02-15 17:52:00,Friday,6
490,e,3,0,770.1271087136145,774.994454665282,5.040597846015771,0.0,0.04614318073373806,2.459402153984229,1.8511660383531785,4.356711373071145,777.5,779.3511660383532,2025-02-10 21:03:02,2025-02-18 06:00:00,2025-02-20 02:25:40,Tuesday,6
490,f,4,0,770.1271087136145,779.3511660383531,2.5536162319586992,0.082,0.12045019360557684,0.0,1.2946829525373704,1.4971331461429473,779.5536162319587,780.8482991844961,2025-02-10 21:03:02,2025-02-20 07:17:12,2025-02-21 14:21:33,Thursday,7
490,e,5,0,770.1271087136145,780.848299184496,4.301924211147934,0.082,0.371625026651883,0.19807578885206567,1.075641861637227,1.7273426771411757,781.4999999999999,782.5756418616371,2025-02-10 21:03:02,2025-02-22 05:59:59,2025-02-23 07:48:55,Saturday,5
490,b,6,0,770.1271087136145,782.5756418616372,5.804146679798464,0.123,0.1055048181612285,1.695853320201536,1.138983281877461,3.0633414202402256,784.5,785.6389832818775,2025-02-10 21:03:02,2025-02-25 06:00:00,2025-02-25 09:20:08,Tuesday,6
490,f,7,0,770.1271087136145,785.6389832818775,1.9452732949459914,0.082,0.22429001306846585,0.0,4.59274064312736,4.899030656195826,785.9452732949459,790.5380139380733,2025-02-10 21:03:02,2025-02-25 16:41:11,2025-03-02 06:54:44,Tuesday,16
490,b,8,0,770.1271087136145,790.5380139380733,6.7710006277098955,0.123,0.10998668963664066,0.7289993722901045,0.029129711616707264,0.9911157735434524,791.5000000000001,791.5291297116169,2025-02-10 21:03:02,2025-03-03 06:00:00,2025-03-03 06:41:56,Monday,6
491,c,1,0,770.5600769782086,770.5600769782086,0.7217050499062907,0.123,0.03862807169774288,0.0,0.9310148860007549,1.0926429576984977,770.7217050499064,771.6527199359072,2025-02-11 07:26:30,2025-02-11 11:19:15,2025-02-12 09:39:55,Tuesday,11
491,b,2,0,770.5600769782086,771.652719935907,1.703584259327954,0.041,0.009864323420867196,0.0,0.11356115384873057,0.16442547726959778,771.703584259328,771.8171454131767,2025-02-11 07:26:30,2025-02-12 10:53:09,2025-02-12 13:36:41,Wednesday,10
491,c,3,0,770.5600769782086,771.8171454131766,1.834064550970993,0.0,0.01691913779434094,0.0,4.046146530122317,4.063065667916658,771.834064550971,775.8802110810933,2025-02-11 07:26:30,2025-02-12 14:01:03,2025-02-16 15:07:30,Wednesday,14
491,e,4,0,770.5600769782086,775.8802110810933,5.996059155479998,0.082,0.033848074386736836,1.5039408445200024,0.7761387123792938,2.395927631286033,777.5,778.2761387123793,2025-02-11 07:26:30,2025-02-18 06:00:00,2025-02-19 00:37:38,Tuesday,6
491,b,5,0,770.5600769782086,778.2761387123793,1.3569225049801616,0.041,0.039783792600908974,0.14307749501983835,0.9632870833556342,1.1871483709763815,778.5000000000001,779.4632870833558,2025-02-11 07:26:30,2025-02-19 06:00:00,2025-02-20 05:07:08,Wednesday,6
491,c,6,0,770.5600769782086,779.4632870833557,2.598734031868048,0.041,0.09444694851241507,0.0,2.3244052157558146,2.45985216426823,779.5987340318682,781.923139247624,2025-02-11 07:26:30,2025-02-20 08:22:10,2025-02-22 16:09:19,Thursday,8
491,e,7,0,770.5600769782086,781.9231392476239,5.295142089125534,0.041,0.331002841501594,2.204857910874466,0.9233955916751977,3.500256344051258,784.5,785.4233955916752,2025-02-11 07:26:30,2025-02-25 06:00:00,2025-02-25 04:09:41,Tuesday,6
492,e,1,0,771.359051811015,771.359051811015,1.4040821338389833,0.041,0.004030322823993171,0.09591786616101672,0.25486755813039025,0.39581574711540013,771.5,771.7548675581304,2025-02-12 02:37:02,2025-02-12 06:00:00,2025-02-12 12:07:00,Wednesday,6
493,e,1,0,771.8784836569229,771.8784836569229,2.0932713369521707,0.123,0.09178768002932244,0.4067286630478293,1.1376112103904548,1.7591275534676065,772.5000000000001,773.6376112103906,2025-02-12 15:05:00,2025-02-13 06:00:00,2025-02-14 09:18:09,Thursday,6
493,d,2,0,771.8784836569229,773.6376112103904,3.8241816091272085,0.041,0.1455703987367422,0.0,0.36828710583974045,0.5548575045764826,773.8241816091272,774.1924687149669,2025-02-12 15:05:00,2025-02-14 13:46:49,2025-02-14 22:37:09,Friday,13
493,e,3,0,771.8784836569229,774.1924687149669,4.62177157155827,0.082,0.34730285659138116,0.0,3.2554828580596027,3.684785714650984,774.6217715715583,777.8772544296179,2025-02-12 15:05:00,2025-02-15 08:55:21,2025-02-18 15:03:14,Saturday,8
493,d,4,0,771.8784836569229,777.8772544296179,1.0132727949180662,0.082,0.05401836530013554,0.4867272050819338,0.8526819186499609,1.4754274890320302,778.5,779.35268191865,2025-02-12 15:05:00,2025-02-19 06:00:00,2025-02-20 02:27:51,Wednesday,6
494,e,1,0,773.3965466327617,773.3965466327617,3.9195383427052093,0.041,0.48199170994351354,0.0,1.8709764386258916,2.393968148569405,773.9195383427052,775.7905147813311,2025-02-14 03:31:01,2025-02-14 16:04:08,2025-02-16 12:58:20,Friday,16
495,e,1,0,773.5600484708074,773.5600484708074,3.72658882701694,0.082,0.0845403562095273,0.0,0.9296431556998188,1.0961835119093462,773.7265888270169,774.6562319827168,2025-02-14 07:26:28,2025-02-14 11:26:17,2025-02-15 09:44:58,Friday,11
495,f,2,0,773.5600484708074,774.6562319827167,5.046705520036426,0.041,0.3494735373197273,2.4532944799635743,0.05867088011799809,2.9024388974013,777.5,777.558670880118,2025-02-14 07:26:28,2025-02-18 06:00:00,2025-02-18 07:24:29,Tuesday,6
495,c,3,0,773.5600484708074,777.558670880118,0.6595332511502647,0.082,0.018862371032199367,0.0,7.382279695043262,7.483142066075461,777.6595332511503,785.0418129461935,2025-02-14 07:26:28,2025-02-18 09:49:43,2025-02-24 19:00:12,Tuesday,9
495,b,4,0,773.5600484708074,785.0418129461935,1.2894829756984336,0.041,0.20667002950484425,0.21051702430156638,2.874834585368278,3.3330216391746887,785.5,788.3748345853683,2025-02-14 07:26:28,2025-02-25 06:00:00,2025-02-28 02:59:45,Tuesday,6
495,e,5,0,773.5600484708074,788.3748345853683,4.525154174449995,0.082,0.06831958908172835,0.0,1.3102873263660229,1.4606069154477512,788.52515417445,789.835441500816,2025-02-14 07:26:28,2025-02-28 06:36:13,2025-03-01 14:03:02,Friday,6
495,f,6,0,773.5600484708074,789.835441500816,5.944942529064633,0.041,0.0685010282486352,1.5550574709353668,1.0750926964570773,2.7396511956410796,791.5000000000001,792.5750926964572,2025-02-14 07:26:28,2025-03-03 06:00:00,2025-03-04 07:48:08,Monday,6
495,b,7,0,773.5600484708074,792.5750926964571,1.687954947744629,0.082,0.03086225128753339,0.0,5.011841630718407,5.1247038820059405,792.6879549477446,797.6997965784631,2025-02-14 07:26:28,2025-03-04 10:30:39,2025-03-09 10:47:42,Tuesday,10
495,e,8,0,773.5600484708074,797.6997965784631,6.898695767207869,0.082,0.1168991887448519,0.6013042327921312,2.5872506283088983,3.387454049845881,798.5,801.0872506283089,2025-02-14 07:26:28,2025-03-10 06:00:00,2025-03-12 20:05:38,Monday,6
495,d,9,0,773.5600484708074,801.087250628309,3.275531079212783,0.123,0.0652804509038186,0.22446892078721703,8.136151690973701,8.548901062664736,801.5000000000001,809.6361516909739,2025-02-14 07:26:28,2025-03-13 06:00:00,2025-03-21 09:16:03,Thursday,6
496,e,1,0,775.3369042442522,775.3369042442522,5.425194057549334,0.082,0.006289813297108253,2.0748059424506664,0.31543975203550906,2.478535507783284,777.5,777.8154397520356,2025-02-16 02:05:08,2025-02-18 06:00:00,2025-02-18 13:34:13,Tuesday,6
496,d,2,0,775.3369042442522,777.8154397520354,1.2888367065485227,0.123,0.35039695451307756,0.21116329345147733,0.5675419649901877,1.2521022129547426,778.5,779.0675419649901,2025-02-16 02:05:08,2025-02-19 06:00:00,2025-02-19 19:37:15,Wednesday,6
496,f,3,0,775.3369042442522,779.0675419649901,2.2034340091339573,0.082,0.05389204414382956,0.29656599086604274,1.1014468607572911,1.5339048957671635,779.5,780.6014468607573,2025-02-16 02:05:08,2025-02-20 06:00:00,2025-02-21 08:26:05,Thursday,6
496,d,4,0,775.3369042442522,780.6014468607573,3.7298714983093078,0.123,0.005424637552057966,0.0,0.8829232176889404,1.0113478552409985,780.7298714983094,781.6127947159983,2025-02-16 02:05:08,2025-02-21 11:31:00,2025-02-22 08:42:25,Friday,11
497,f,1,0,777.932962682367,777.932962682367,1.0874223720635428,0.082,0.07245968969649423,0.41257762793645725,6.64036572870785,7.207403046340801,778.5,785.1403657287078,2025-02-18 16:23:27,2025-02-19 06:00:00,2025-02-24 21:22:07,Wednesday,6
497,e,2,0,777.932962682367,785.1403657287078,1.2428949378614789,0.041,0.061529209153704426,0.25710506213852113,3.1033751274019252,3.463009398694151,785.5000000000001,788.603375127402,2025-02-18 16:23:27,2025-02-25 06:00:00,2025-02-28 08:28:51,Tuesday,6
497,b,3,0,777.932962682367,788.6033751274019,4.692509078310991,0.082,0.0071339509090505215,0.0,0.008479657870891574,0.09761360877994209,788.692509078311,788.7009887361819,2025-02-18 16:23:27,2025-02-28 10:37:12,2025-02-28 10:49:25,Friday,10
497,b,4,0,777.932962682367,788.7009887361819,5.046085441605214,0.123,0.22209670542330262,2.4539145583947857,2.2959777493435056,5.0949890131615945,791.5,793.7959777493435,2025-02-18 16:23:27,2025-03-03 06:00:00,2025-03-05 13:06:12,Monday,6
497,d,5,0,777.932962682367,793.7959777493435,2.8997483927876146,0.082,0.021770643444130648,0.0,7.097035251901528,7.200805895345659,793.8997483927876,800.9967836446891,2025-02-18 16:23:27,2025-03-05 15:35:38,2025-03-12 17:55:22,Wednesday,15
497,d,6,0,777.932962682367,800.9967836446891,3.1394984377070614,0.082,0.060714793017992125,0.3605015622929386,0.26013526424043387,0.7633516195513647,801.5,801.7601352642405,2025-02-18 16:23:27,2025-03-13 06:00:00,2025-03-13 12:14:35,Thursday,6
497,f,7,0,777.932962682367,801.7601352642405,3.961072963765787,0.082,0.11893769952530056,0.0,8.239846085899817,8.440783785425118,801.9610729637658,810.2009190496656,2025-02-18 16:23:27,2025-03-13 17:03:56,2025-03-21 22:49:19,Thursday,17
497,b,8,0,777.932962682367,810.2009190496656,5.335316488137096,0.0,0.13439743847149352,2.164683511862904,0.14185810762603374,2.4409390579604318,812.5,812.641858107626,2025-02-18 16:23:27,2025-03-24 06:00:00,2025-03-24 09:24:16,Monday,6
497,e,9,0,777.932962682367,812.641858107626,0.7540728541332555,0.041,0.07121474650724607,0.0,7.542714223424838,7.654928969932084,812.7540728541334,820.2967870775582,2025-02-18 16:23:27,2025-03-24 12:05:51,2025-04-01 01:07:22,Monday,12
497,e,10,0,777.932962682367,820.2967870775581,1.3727715436249355,0.041,0.03498446606691576,0.12722845637506452,5.027572706830857,5.230785629272837,820.5000000000001,825.5275727068309,2025-02-18 16:23:27,2025-04-01 06:00:00,2025-04-06 06:39:42,Tuesday,6
497,b,11,0,777.932962682367,825.5275727068309,6.613231082767356,0.041,0.044658375936382645,0.8867689172326436,0.9279018801960853,1.9003291733651118,826.5,827.427901880196,2025-02-18 16:23:27,2025-04-07 06:00:00,2025-04-08 04:16:10,Monday,6
497,d,12,0,777.932962682367,827.427901880196,1.524296006052623,0.082,0.01439412585657917,0.0,8.655979227370162,8.75237335322674,827.5242960060526,836.1802752334228,2025-02-18 16:23:27,2025-04-08 06:34:59,2025-04-16 22:19:35,Tuesday,6
498,e,1,0,778.6545571377236,778.6545571377236,1.7799023043210127,0.041,0.08434516659744082,0.0,0.6813179945837758,0.8066631611812167,778.7799023043211,779.4612202989049,2025-02-19 09:42:33,2025-02-19 12:43:03,2025-02-20 05:04:09,Wednesday,12
498,d,2,0,778.6545571377236,779.4612202989048,2.5535775925532107,0.082,0.010357293648410959,0.0,0.13971092304315022,0.2320682166915612,779.5535775925532,779.6932885155964,2025-02-19 09:42:33,2025-02-20 07:17:09,2025-02-20 10:38:20,Thursday,7
498,f,3,0,778.6545571377236,779.6932885155964,2.8412868733448704,0.123,0.024998357748481952,0.0,1.4805441270894428,1.6285424848379249,779.8412868733449,781.3218310004343,2025-02-19 09:42:33,2025-02-20 14:11:27,2025-02-22 01:43:26,Thursday,14
498,b,4,0,778.6545571377236,781.3218310004343,4.490912715475474,0.123,0.04608171504124953,0.009087284524525785,0.4075496508184921,0.5857186503842674,781.5000000000001,781.9075496508186,2025-02-19 09:42:33,2025-02-22 06:00:00,2025-02-22 15:46:52,Saturday,6
498,d,5,0,778.6545571377236,781.9075496508185,5.0696901696796886,0.123,0.03914051886115919,2.4303098303203114,6.661000023325255,9.253450372506727,784.5,791.1610000233253,2025-02-19 09:42:33,2025-02-25 06:00:00,2025-03-02 21:51:50,Tuesday,6
498,f,6,0,778.6545571377236,791.1610000233252,0.21357930650924573,0.041,0.011579283184095774,0.2864206934907543,2.0228499015662305,2.3618498782410806,791.5000000000001,793.5228499015664,2025-02-19 09:42:33,2025-03-03 06:00:00,2025-03-05 06:32:54,Monday,6
498,f,7,0,778.6545571377236,793.5228499015662,2.733950829751734,0.041,0.17010092818552217,0.0,11.25066342631918,11.461764354504702,793.7339508297518,804.984614256071,2025-02-19 09:42:33,2025-03-05 11:36:53,2025-03-16 17:37:50,Wednesday,11
498,c,8,0,778.6545571377236,804.9846142560709,0.10387948451659668,0.082,0.037265228445616756,0.3961205154834033,7.617702164964402,8.133087908893422,805.4999999999999,813.1177021649643,2025-02-19 09:42:33,2025-03-17 05:59:59,2025-03-24 20:49:29,Monday,5
498,c,9,0,778.6545571377236,813.1177021649644,1.4934477089944949,0.123,0.2527455440300699,0.00655229100550514,8.130968061758365,8.51326589679394,813.5,821.6309680617584,2025-02-19 09:42:33,2025-03-25 06:00:00,2025-04-02 09:08:35,Tuesday,6
498,b,10,0,778.6545571377236,821.6309680617583,2.8595314452053344,0.082,0.1465633834470482,0.0,4.5356630773713205,4.764226460818369,821.8595314452053,826.3951945225766,2025-02-19 09:42:33,2025-04-02 14:37:43,2025-04-07 03:29:04,Wednesday,14
499,b,1,0,778.7431851555369,778.7431851555369,1.913778927540534,0.082,0.08859377200365218,0.0,0.9976708576332194,1.1682646296368715,778.9137789275405,779.9114497851738,2025-02-19 11:50:11,2025-02-19 15:55:50,2025-02-20 15:52:29,Wednesday,15
499,c,2,0,778.7431851555369,779.9114497851738,3.2567257312040283,0.123,0.22227594603021844,0.2432742687959717,5.251092134399495,5.839642349225685,780.5,785.7510921343995,2025-02-19 11:50:11,2025-02-21 06:00:00,2025-02-25 12:01:34,Friday,6
499,d,3,0,778.7431851555369,785.7510921343994,1.8092509026703283,0.041,0.017158768270867996,0.0,0.5500932735131135,0.6082520417839815,785.8092509026703,786.3593441761834,2025-02-19 11:50:11,2025-02-25 13:25:19,2025-02-26 02:37:27,Tuesday,13
499,b,4,0,778.7431851555369,786.3593441761834,2.578215354013878,0.041,0.17787117783042794,0.0,0.8370231805754148,1.0558943584058427,786.5782153540139,787.4152385345893,2025-02-19 11:50:11,2025-02-26 07:52:37,2025-02-27 03:57:56,Wednesday,7
499,b,5,0,778.7431851555369,787.4152385345892,3.4994304940464644,0.041,0.043191959457258955,0.000569505953535554,6.316833811208786,6.401595276619581,787.5,793.8168338112088,2025-02-19 11:50:11,2025-02-27 06:00:00,2025-03-05 13:36:14,Thursday,6
499,c,6,0,778.7431851555369,793.8168338112088,3.082636355740874,0.041,0.22480254453214754,0.417363644259126,9.284978062077878,9.968144250869152,794.5000000000001,803.784978062078,2025-02-19 11:50:11,2025-03-06 06:00:00,2025-03-15 12:50:22,Thursday,6
499,c,7,0,778.7431851555369,803.7849780620779,5.875413605870108,0.082,0.008435543792149532,1.6245863941298921,4.814074317126658,6.5290962550486995,805.5,810.3140743171267,2025-02-19 11:50:11,2025-03-17 06:00:00,2025-03-22 01:32:16,Monday,6
499,e,8,0,778.7431851555369,810.3140743171266,5.420506323720474,0.082,0.024432006593918018,2.079493676279526,0.42155844481701854,2.6074841276904626,812.5,812.921558444817,2025-02-19 11:50:11,2025-03-24 06:00:00,2025-03-24 16:07:02,Monday,6
